Running for 600.0 seconds (600 samples at 1.0 second intervals).
Power measurements will start in 0 seconds time.

  Time    User  Nice   Sys  Idle    IO  Run Ctxt/s  IRQ/s Fork Exec Exit  Watts
14:45:22   0.5   0.0   4.6  94.9   0.0    3   3183   2895   16    7    7  45.57 
14:45:23  12.6   0.0   2.1  85.3   0.0    7   1344   4634    5    0    0 109.57 
14:45:24  29.9   0.0   0.1  70.0   0.0    7   1353   8494   72    6   72 175.80 
14:45:25  29.9   0.0   0.1  69.7   0.4    7   1640   8667   82    6   82 171.80 
14:45:26  30.0   0.0   0.1  68.2   1.8    7   1974   8859   77    6   77 170.68 
14:45:27  29.9   0.0   0.1  70.0   0.0    7   1585   8650   77    6   77 168.86 
14:45:28  30.0   0.0   0.1  70.0   0.0    7   1606   8413   77    6   77 172.58 
14:45:29  29.9   0.0   0.1  70.0   0.0    8   1401   8458   82    6   82 171.50 
14:45:30  29.9   0.0   0.1  70.0   0.0    7   1788   8760   77    6   77 173.07 
14:45:31  29.9   0.0   0.1  69.8   0.2    7   1274   8411   77    6   77 171.93 
14:45:32  30.0   0.0   0.1  69.9   0.0    7   1383   8628   77    6   77 172.87 
14:45:33  29.9   0.0   0.1  70.0   0.0    7   1472   8502   77    6   77 171.21 
14:45:34  29.9   0.0   0.1  69.3   0.7    7   1396   8488   83    6   82 172.22 
14:45:35  30.4   0.0   0.1  65.5   4.0    7   1522   8691   77    6   77 174.13 
14:45:36  29.9   0.0   0.1  68.8   1.2    7   1297   8454   77    6   77 172.27 
14:45:37  29.9   0.0   0.1  70.0   0.0    7   1266   8425   77    6   77 173.44 
14:45:38  29.9   0.0   0.1  70.0   0.0    8   1929   8787   77    6   77 171.75 
14:45:39  30.0   0.0   0.0  70.0   0.0    7   1324   8378   77    6   77 174.52 
14:45:40  29.9   0.0   0.1  70.0   0.0    8   1557   8331   77    6   78 174.70 
14:45:41  30.0   0.0   0.0  70.0   0.0    7   1185   8245   77    6   77 176.90 
14:45:42  29.9   0.0   0.1  69.9   0.1    7   1320   8457   77    6   77 175.21 
14:45:43  30.0   0.0   0.1  70.0   0.0    7   1494   8540   77    6   77 177.61 
14:45:44  30.0   0.0   0.1  70.0   0.0    7   1297   8400   72    6   72 172.64 
  Time    User  Nice   Sys  Idle    IO  Run Ctxt/s  IRQ/s Fork Exec Exit  Watts
14:45:45  30.0   0.0   0.1  70.0   0.0    7   1241   8251   77    6   77 177.37 
14:45:46  29.9   0.0   0.1  70.0   0.0    7   1501   8533   77    6   77 173.64 
14:45:47  29.9   0.0   0.1  69.9   0.1    7   1386   8523   77    6   77 173.37 
14:45:48  30.0   0.0   0.1  69.8   0.2    8   1401   8278   77    6   77 176.67 
14:45:49  30.0   0.0   0.1  70.0   0.0    7   1275   8224   77    6   77 176.86 
14:45:50  30.0   0.0   0.1  70.0   0.0    7   1468   8414   72    6   72 177.88 
14:45:51  29.9   0.0   0.1  70.0   0.0    7   1441   8597   77    6   78 174.97 
14:45:52  30.0   0.0   0.1  70.0   0.0    7   1178   8251   77    6   77 178.64 
14:45:53  30.0   0.0   0.1  70.0   0.0    7   1125   8157   77    6   77 179.04 
14:45:54  30.0   0.0   0.1  68.9   1.1    7   1449   8466   72    6   72 177.10 
14:45:55  29.9   0.0   0.1  70.0   0.0    7   1478   8548   77    6   77 175.88 
14:45:56  29.9   0.0   0.1  70.0   0.0    7   1595   8458   72    6   72 176.40 
14:45:57  29.9   0.0   0.1  69.8   0.2    7   1189   8329   77    6   77 177.36 
14:45:58  29.9   0.0   0.2  70.0   0.0    7   1177   8350   72    6   72 176.93 
14:45:59  30.0   0.0   0.0  70.0   0.0    7   1487   8639   77    6   77 177.23 
14:46:00  30.0   0.0   0.0  67.2   2.8    7   1598   8528   72    6   72 175.35 
14:46:01  29.9   0.0   0.1  70.0   0.0    7   1376   8387   77    6   77 177.49 
14:46:02  29.9   0.0   0.1  70.0   0.0    7   1146   8179   72    6   72 179.69 
14:46:03  29.4   0.0   0.1  70.5   0.0    7   1885   8865   79    8   79 175.19 
14:46:04  30.0   0.0   0.0  70.0   0.0    7   1709   8799   77    6   77 176.25 
14:46:05  30.0   0.0   0.1  69.8   0.2    7   1328   8457   82    6   82 178.04 
14:46:06  29.9   0.0   0.1  70.0   0.0    7   1236   8329   77    6   77 178.76 
14:46:07  29.9   0.0   0.1  70.0   0.0    7   1268   8364   77    6   77 178.43 
  Time    User  Nice   Sys  Idle    IO  Run Ctxt/s  IRQ/s Fork Exec Exit  Watts
14:46:08  29.9   0.0   0.1  70.0   0.0    7   1757   8632   82    6   82 175.95 
14:46:09  29.9   0.0   0.1  70.0   0.0    7   1517   8569   77    6   77 176.19 
14:46:10  29.9   0.0   0.1  70.0   0.0    7   1474   8659   77    6   77 175.32 
14:46:11  29.9   0.0   0.1  70.0   0.1    7   1565   8672   77    6   77 176.88 
14:46:12  29.9   0.0   0.1  70.0   0.0    7   1290   8382   77    6   77 179.75 
14:46:13  30.0   0.0   0.0  70.0   0.0    7   1459   8403   77    6   77 176.80 
14:46:14  29.9   0.0   0.1  70.0   0.0    7   1353   8322   77    6   77 175.73 
14:46:15  30.0   0.0   0.1  70.0   0.0    7   1282   8304   82    6   82 177.79 
14:46:16  29.9   0.0   0.1  70.0   0.0    7   1480   8538   77    6   77 176.42 
14:46:17  29.9   0.0   0.1  69.8   0.1    7   1359   8304   77    6   77 178.07 
14:46:18  30.0   0.0   0.1  70.0   0.0    8   1843   8755   77    6   77 177.53 
14:46:19  30.0   0.0   0.1  70.0   0.0    7   1560   8470   77    6   77 178.48 
14:46:20  30.0   0.0   0.1  70.0   0.0    8   1440   8605   77    6   77 177.23 
14:46:21  29.9   0.0   0.1  70.0   0.0    7   1513   8452   77    6   77 179.67 
14:46:22  30.0   0.0   0.1  70.0   0.0    7   1323   8292   77    6   77 179.27 
14:46:23  30.0   0.0   0.1  69.9   0.1    7   1601   8750   78    6   77 179.57 
14:46:24  30.0   0.0   0.1  70.0   0.0    7   1580   8794   72    6   72 175.43 
14:46:25  29.9   0.0   0.1  70.0   0.0    7   1875   8788   77    6   77 176.78 
14:46:26  29.9   0.0   0.1  70.0   0.0    7   1952   8638   77    6   77 179.22 
14:46:27  29.9   0.0   0.1  70.0   0.0    7   1571   8708   72    6   72 176.80 
14:46:28  30.0   0.0   0.1  70.0   0.0    7   1606   8617   77    6   77 175.81 
14:46:29  29.9   0.0   0.1  69.9   0.1    7   1487   8420   77    6   77 176.19 
14:46:30  30.0   0.0   0.1  70.0   0.0    7   1675   8777   72    6   72 179.45 
  Time    User  Nice   Sys  Idle    IO  Run Ctxt/s  IRQ/s Fork Exec Exit  Watts
14:46:31  29.9   0.0   0.1  70.1   0.0    7   1583   8622   77    6   77 177.63 
14:46:32  29.9   0.0   0.1  70.0   0.0    7   1214   8348   77    6   77 179.09 
14:46:33  30.0   0.0   0.1  70.0   0.0    7   1303   8588   72    6   72 178.38 
14:46:34  29.9   0.0   0.1  70.0   0.0    7   1398   8609   77    6   77 178.98 
14:46:35  29.9   0.0   0.1  69.8   0.1    7   1176   8403   77    6   77 178.46 
14:46:36  29.9   0.0   0.1  70.0   0.0    7   1314   8464   72    6   72 177.36 
14:46:37  30.0   0.0   0.0  70.0   0.0    7   1665   8658   77    6   77 180.92 
14:46:38  30.0   0.0   0.1  70.0   0.0    7   1422   8328   72    6   72 178.88 
14:46:39  29.9   0.0   0.1  70.0   0.0    7   1293   8357   77    6   77 178.07 
14:46:40  30.0   0.0   0.1  70.0   0.0    7   1382   8455   72    6   72 178.18 
14:46:41  29.4   0.0   0.1  70.3   0.2    7   2005   8839   79    8   79 176.75 
14:46:42  30.0   0.0   0.1  70.0   0.0    7   1754   8633   77    6   77 179.10 
14:46:43  29.9   0.0   0.1  70.0   0.0    7   1909   8885   82    6   82 178.03 
14:46:44  29.9   0.0   0.2  68.9   1.1    7   1839   8849   79    6   78 176.85 
14:46:45  29.9   0.0   0.1  69.8   0.2    7   1898   8825   77    6   78 180.96 
14:46:46  29.9   0.0   0.1  70.0   0.0    7   1566   8624   82    6   82 179.55 
14:46:47  29.9   0.0   0.1  70.0   0.0    7   1395   8771   77    6   77 177.44 
14:46:48  30.0   0.0   0.1  70.0   0.0    7   1570   8771   77    6   77 179.99 
14:46:49  30.0   0.0   0.0  69.9   0.0    7   1346   8415   77    6   77 180.74 
14:46:50  29.9   0.0   0.1  69.9   0.1    7   1353   8432   77    6   77 179.07 
14:46:51  30.0   0.0   0.1  70.0   0.0    7   1355   8321   82    6   82 181.00 
14:46:52  30.0   0.0   0.1  70.0   0.0    7   1375   8638   77    6   77 179.14 
14:46:53  29.9   0.0   0.1  70.0   0.0    7   1277   8659   77    6   77 178.62 
  Time    User  Nice   Sys  Idle    IO  Run Ctxt/s  IRQ/s Fork Exec Exit  Watts
14:46:54  29.9   0.0   0.1  70.0   0.0    7   1369   8611   77    6   77 178.56 
14:46:55  29.9   0.0   0.1  70.1   0.0    7   1568   8647   77    6   77 179.32 
14:46:56  29.9   0.0   0.1  69.9   0.2    7   1262   8555   77    6   77 178.46 
14:46:57  29.9   0.0   0.1  70.0   0.0    7   1449   8643   77    6   77 177.59 
14:46:58  29.9   0.0   0.1  70.0   0.0    7   1366   8413   77    6   77 178.29 
14:46:59  30.0   0.0   0.1  70.0   0.0    7   1196   8489   77    6   77 180.23 
14:47:00  30.0   0.0   0.1  70.0   0.0    7   1504   8621   77    6   77 178.90 
14:47:01  29.9   0.0   0.1  70.0   0.0    7   1391   8585   72    6   72 176.40 
14:47:02  29.9   0.0   0.1  69.8   0.1    7   1613   8632   77    6   77 178.76 
14:47:03  29.9   0.0   0.1  70.0   0.0    7   1315   8470   77    6   77 179.86 
14:47:04  29.9   0.0   0.1  70.0   0.0    7   1327   8442   77    6   77 180.29 
14:47:05  30.0   0.0   0.1  70.0   0.0    7   1315   8378   77    6   77 180.87 
14:47:06  29.9   0.0   0.0  70.1   0.0    7   1486   8634   77    6   77 179.56 
14:47:07  29.9   0.0   0.1  70.0   0.0    7   1259   8481   72    6   72 180.80 
14:47:08  29.9   0.0   0.1  68.7   1.3    7   1358   8383   77    6   77 178.23 
14:47:09  29.9   0.0   0.1  70.0   0.0    7   1548   8609   77    6   77 181.78 
14:47:10  29.9   0.0   0.1  70.0   0.0    7   1346   8414   72    6   72 179.76 
14:47:11  29.9   0.0   0.1  70.0   0.0    7   1495   8505   77    6   77 178.89 
14:47:12  30.0   0.0   0.0  70.0   0.0    7   1151   8373   77    6   77 181.24 
14:47:13  29.9   0.0   0.1  70.0   0.0    7   1138   8267   72    6   72 179.69 
14:47:14  30.0   0.0   0.1  69.9   0.1    7   1784   8736   77    6   77 178.96 
14:47:15  29.9   0.0   0.1  70.0   0.0    7   1429   8652   72    6   72 180.49 
14:47:16  30.0   0.0   0.1  70.0   0.0    7   1330   8524   77    6   77 179.87 
  Time    User  Nice   Sys  Idle    IO  Run Ctxt/s  IRQ/s Fork Exec Exit  Watts
14:47:17  29.9   0.0   0.1  70.0   0.0    7   1355   8270   72    6   72 180.13 
14:47:18  29.3   0.0   0.1  70.4   0.2    7   2010   9241   79    8   79 174.31 
14:47:19  29.9   0.0   0.1  70.0   0.0    7   2004   9036   77    6   77 178.88 
14:47:20  29.9   0.0   0.1  70.0   0.0    7   1369   8590   77    6   77 175.65 
14:47:21  29.9   0.0   0.1  70.0   0.0    7   1267   8558   77    6   77 178.21 
14:47:22  29.9   0.0   0.1  70.0   0.0    7   1371   8674   82    6   82 177.03 
14:47:23  30.0   0.0   0.1  69.9   0.1    7   1373   8484   77    6   77 179.67 
14:47:24  29.9   0.0   0.1  70.0   0.0    7   1294   8711   77    6   77 178.36 
14:47:25  29.9   0.0   0.1  70.1   0.0    7   1281   8617   77    6   77 175.71 
14:47:26  29.9   0.0   0.1  70.0   0.0    7   1386   8834   77    6   77 179.01 
14:47:27  29.9   0.0   0.1  70.0   0.0    7   1478   8853   77    6   77 177.04 
14:47:28  30.0   0.0   0.1  70.0   0.0    7   1337   8495   82    6   82 177.65 
14:47:29  29.9   0.0   0.1  69.4   0.7    7   1439   8768   77    6   77 178.87 
14:47:30  29.9   0.0   0.1  69.7   0.4    7   1776   8878   77    6   77 177.32 
14:47:31  29.9   0.0   0.1  70.0   0.0    7   1316   8658   77    6   77 176.90 
14:47:32  29.9   0.0   0.1  70.0   0.0    7   1407   8725   77    6   77 178.14 
14:47:33  29.9   0.0   0.1  70.0   0.0    7   1400   8766   77    6   77 179.45 
14:47:34  30.0   0.0   0.0  69.9   0.0    7   1359   8623   77    6   77 180.14 
14:47:35  29.9   0.0   0.1  69.9   0.1    7   1274   8686   72    6   72 175.49 
14:47:36  30.0   0.0   0.1  70.0   0.0    7   1381   8636   77    6   77 179.74 
14:47:37  29.9   0.0   0.1  70.0   0.0    7   1251   8357   77    6   77 178.62 
14:47:38  30.0   0.0   0.1  69.9   0.0    7   1346   8469   77    6   77 178.82 
14:47:39  29.9   0.0   0.1  70.0   0.0    7   1169   8448   77    6   77 180.69 
  Time    User  Nice   Sys  Idle    IO  Run Ctxt/s  IRQ/s Fork Exec Exit  Watts
14:47:40  29.8   0.0   0.1  70.1   0.0    7   1342   8589   77    6   77 178.75 
14:47:41  29.9   0.0   0.1  69.9   0.1    7   1614   8481   77    6   77 179.11 
14:47:42  29.9   0.0   0.1  70.0   0.0    7   1261   8479   77    6   77 177.45 
14:47:43  29.9   0.0   0.1  70.0   0.0    7   1914   8843   72    6   72 177.71 
14:47:44  30.0   0.0   0.0  69.9   0.0    7   1380   8339   77    6   77 179.83 
14:47:45  29.9   0.0   0.1  70.0   0.0    7   1378   8487   77    6   77 178.98 
14:47:46  29.9   0.0   0.1  70.0   0.0    7   1211   8388   72    6   72 177.67 
14:47:47  29.9   0.0   0.1  70.0   0.1    7   1730   8674   77    6   77 177.95 
14:47:48  29.9   0.0   0.1  70.0   0.1    8   1224   8307   77    6   77 178.43 
14:47:49  29.9   0.0   0.1  70.0   0.0    8   1108   8228   66    1   66 178.88 
14:47:50  30.0   0.0   0.0  70.0   0.0    7   1277   8523   76    5   76 179.92 
14:47:51  29.9   0.0   0.1  70.0   0.0    7   1448   8667   72    6   72 179.20 
14:47:52  30.0   0.0   0.1  70.0   0.0    7   1211   8251   77    6   77 179.82 
14:47:53  30.0   0.0   0.0  70.0   0.0    7   1160   8277   77    6   77 180.05 
14:47:54  30.0   0.0   0.1  69.9   0.1    7   1192   8226   72    6   72 180.83 
14:47:55  29.5   0.0   0.1  70.4   0.0    7   1935   8759   79    8   79 175.14 
14:47:56  30.0   0.0   0.0  70.0   0.0    7   1655   8696   77    6   77 180.78 
14:47:57  29.9   0.0   0.1  70.0   0.0    7   1402   8634   82    6   82 179.85 
14:47:58  30.0   0.0   0.1  70.0   0.0    7   1641   8508   77    6   77 177.59 
14:47:59  29.9   0.0   0.1  70.0   0.0    7   1313   8533   77    6   77 177.47 
14:48:00  30.0   0.0   0.1  69.9   0.1    7   1543   8746   77    6   77 177.80 
14:48:01  29.9   0.0   0.1  70.0   0.0    7   1458   8539   77    6   77 178.56 
14:48:02  29.9   0.0   0.1  70.0   0.0    7   1539   8592   77    6   77 178.46 
  Time    User  Nice   Sys  Idle    IO  Run Ctxt/s  IRQ/s Fork Exec Exit  Watts
14:48:03  30.0   0.0   0.0  70.0   0.0    7   1850   8591   82    6   82 177.52 
14:48:04  30.0   0.0   0.1  70.0   0.0    7   1684   8530   77    6   77 177.76 
14:48:05  29.9   0.0   0.1  69.9   0.1    7   1343   8397   77    6   77 177.61 
14:48:06  30.0   0.0   0.1  70.0   0.0    7   1373   8388   77    6   77 178.80 
14:48:07  30.0   0.0   0.1  70.0   0.0    7   1402   8617   77    6   77 179.45 
14:48:08  29.9   0.0   0.1  70.0   0.0    7   1616   8616   77    6   77 177.72 
14:48:09  29.9   0.0   0.1  70.0   0.0    7   1449   8464   77    6   77 177.93 
14:48:10  30.0   0.0   0.1  70.0   0.0    7   1436   8451   77    6   77 175.90 
14:48:11  29.9   0.0   0.1  69.9   0.1    7   1325   8365   77    6   77 178.72 
14:48:12  29.9   0.0   0.1  70.0   0.0    7   1470   8488   77    6   77 179.03 
14:48:13  29.9   0.0   0.1  70.0   0.0    7   1470   8576   77    6   77 179.04 
14:48:14  30.0   0.0   0.0  70.0   0.0    7   1592   8657   77    6   77 180.37 
14:48:15  30.0   0.0   0.1  69.9   0.0    7   1318   8544   72    6   72 180.87 
14:48:16  29.9   0.0   0.1  70.0   0.0    7   1462   8696   77    6   77 180.10 
14:48:17  29.9   0.0   0.1  69.9   0.2    7   1455   8524   77    6   77 178.69 
14:48:18  29.9   0.0   0.1  69.9   0.0    7   1339   8492   77    6   77 179.80 
14:48:19  30.0   0.0   0.0  70.0   0.0    7   1571   8631   77    6   77 180.49 
14:48:20  30.0   0.0   0.1  70.0   0.0    7   1237   8363   77    6   77 179.35 
14:48:21  29.9   0.0   0.1  70.0   0.0    7   1141   8363   72    6   72 179.08 
14:48:22  29.9   0.0   0.1  70.0   0.0    7   1696   8681   77    6   77 177.50 
14:48:23  29.9   0.0   0.1  69.9   0.1    7   1498   8525   78    6   77 177.17 
14:48:24  29.9   0.0   0.1  70.0   0.0    7   1400   8422   72    6   72 177.97 
14:48:25  29.9   0.0   0.1  70.0   0.0    7   1538   8627   77    6   77 180.09 
  Time    User  Nice   Sys  Idle    IO  Run Ctxt/s  IRQ/s Fork Exec Exit  Watts
14:48:26  30.0   0.0   0.1  69.9   0.0    7   1703   8927   72    6   72 177.18 
14:48:27  30.0   0.0   0.0  70.0   0.0    7   1461   8626   77    6   77 179.16 
14:48:28  29.9   0.0   0.1  70.0   0.0    7   1726   8694   77    6   77 178.78 
14:48:29  29.9   0.0   0.1  67.5   2.5    7   1582   8780   72    6   72 178.29 
14:48:30  29.5   0.0   0.1  70.5   0.0    7   2203   8964   79    8   79 174.32 
14:48:31  29.9   0.0   0.1  70.0   0.0    7   1201   8530   77    6   77 179.86 
14:48:32  29.9   0.0   0.1  70.0   0.0    7   1382   8448   82    6   82 180.41 
14:48:33  30.0   0.0   0.1  70.0   0.0    7   1201   8415   77    6   77 179.86 
14:48:34  29.9   0.0   0.1  70.0   0.0    7   1327   8402   77    6   77 181.28 
14:48:35  29.9   0.0   0.1  70.0   0.1    7   1398   8261   82    6   82 180.70 
14:48:36  29.9   0.0   0.1  70.1   0.0    7   1567   8476   77    6   77 176.99 
14:48:37  29.9   0.0   0.1  70.0   0.0    7   1432   8503   77    6   77 178.82 
14:48:38  30.0   0.0   0.1  70.0   0.0    7   1650   8761   77    6   77 180.26 
14:48:39  30.0   0.0   0.1  70.0   0.0    7   1501   8579   77    6   77 179.06 
14:48:40  30.0   0.0   0.1  70.0   0.0    7   1372   8272   82    6   82 179.33 
14:48:41  29.9   0.0   0.2  69.9   0.1    7   1495   8599   77    6   77 178.51 
14:48:42  29.9   0.0   0.1  70.1   0.0    8   1497   8517   77    6   77 178.89 
14:48:43  30.0   0.0   0.1  70.0   0.0    7   1526   8549   77    6   77 180.38 
14:48:44  30.0   0.0   0.1  70.0   0.0    7   1355   8567   77    6   77 177.46 
14:48:45  29.9   0.0   0.2  70.0   0.0    7   1385   8425   77    6   77 178.79 
14:48:46  30.0   0.0   0.0  70.0   0.0    7   1251   8265   77    6   77 177.95 
14:48:47  29.9   0.0   0.1  69.9   0.1    7   1298   8493   72    6   72 179.05 
14:48:48  29.9   0.0   0.1  70.0   0.0    7   1654   8709   77    6   77 176.08 
  Time    User  Nice   Sys  Idle    IO  Run Ctxt/s  IRQ/s Fork Exec Exit  Watts
14:48:49  29.9   0.0   0.1  70.0   0.0    7   1445   8609   77    6   77 178.12 
14:48:50  30.0   0.0   0.0  70.0   0.0    7   1263   8484   77    6   77 179.34 
14:48:51  30.0   0.0   0.1  70.0   0.0    7   1226   8448   77    6   77 179.13 
14:48:52  30.0   0.0   0.1  70.0   0.0    7   1229   8455   77    6   77 178.07 
14:48:53  30.0   0.0   0.1  69.9   0.1    7   1568   8597   72    6   72 175.91 
14:48:54  29.9   0.0   0.1  70.0   0.0    7   1294   8292   77    6   77 177.49 
14:48:55  30.0   0.0   0.1  70.0   0.0    7   1396   8262   77    6   77 178.93 
14:48:56  30.0   0.0   0.1  70.0   0.0    7   1245   8425   77    6   78 178.17 
14:48:57  29.9   0.0   0.1  70.0   0.0    7   1757   8842   72    6   72 180.03 
14:48:58  29.9   0.0   0.1  70.0   0.0    7   1283   8513   77    6   77 179.11 
14:48:59  29.9   0.0   0.1  70.0   0.1    7   1456   8681   77    6   77 178.52 
14:49:00  29.9   0.0   0.1  70.0   0.0    7   1439   8635   72    6   72 178.51 
14:49:01  30.0   0.0   0.1  70.0   0.0    7   1334   8569   77    6   77 178.38 
14:49:02  29.9   0.0   0.1  70.0   0.0    7   1388   8587   72    6   72 177.72 
14:49:03  30.0   0.0   0.1  70.0   0.0    7   1475   8539   77    6   77 177.28 
14:49:04  30.0   0.0   0.0  70.0   0.0    8   1206   8422   77    6   77 179.98 
14:49:05  30.0   0.0   0.1  69.7   0.3    7   1507   8556   72    6   72 181.03 
14:49:06  29.9   0.0   0.1  70.0   0.0    7   1410   8520   77    6   77 179.80 
14:49:07  30.0   0.0   0.1  70.0   0.0    7   1488   8635   72    6   72 179.99 
14:49:08  29.9   0.0   0.1  70.0   0.0    7   1460   8415   77    6   77 181.16 
14:49:09  29.9   0.0   0.1  70.0   0.0    7   1371   8404   72    6   72 179.32 
14:49:10  29.4   0.0   0.1  70.5   0.0    7   2063   8880   79    8   79 177.39 
14:49:11  29.9   0.0   0.1  69.8   0.1    7   1356   8627   77    6   77 178.07 
  Time    User  Nice   Sys  Idle    IO  Run Ctxt/s  IRQ/s Fork Exec Exit  Watts
14:49:12  30.0   0.0   0.0  70.0   0.0    7   1353   8335   82    6   82 179.78 
14:49:13  29.9   0.0   0.1  70.0   0.0    7   1575   8669   77    6   77 177.77 
14:49:14  29.9   0.0   0.1  70.1   0.0    7   1417   8576   77    6   77 176.71 
14:49:15  30.0   0.0   0.1  70.0   0.0    7   1485   8482   78    6   77 177.72 
14:49:16  29.9   0.0   0.1  70.0   0.0    7   1475   8480   82    6   82 180.97 
14:49:17  30.0   0.0   0.1  69.9   0.1    7   1438   8640   77    6   77 179.43 
14:49:18  29.9   0.0   0.1  70.0   0.0    7   1504   8430   77    6   77 181.34 
14:49:19  30.0   0.0   0.1  70.0   0.0    7   1549   8666   77    6   77 178.42 
14:49:20  29.9   0.0   0.1  70.0   0.0    7   1459   8589   77    6   77 178.26 
14:49:21  30.0   0.0   0.0  70.0   0.0    7   1556   8470   77    6   77 177.40 
14:49:22  29.9   0.0   0.2  70.0   0.0    7   1761   8881   77    6   77 175.88 
14:49:23  29.9   0.0   0.1  69.9   0.1    7   1467   8366   77    6   77 178.51 
14:49:24  30.0   0.0   0.1  70.0   0.0    7   1730   8609   77    6   77 178.74 
14:49:25  29.9   0.0   0.1  70.0   0.0    7   1268   8389   77    6   77 176.33 
14:49:26  29.9   0.0   0.1  70.0   0.0    7   1481   8607   77    6   77 177.43 
14:49:27  29.9   0.0   0.1  70.0   0.0    7   1440   8403   77    6   77 176.46 
14:49:28  30.0   0.0   0.1  70.0   0.0    8   1339   8568   77    6   77 177.69 
14:49:29  30.0   0.0   0.0  69.9   0.1    7   1352   8397   77    6   78 178.41 
14:49:30  30.0   0.0   0.1  70.0   0.0    7   1553   8454   77    6   77 179.67 
14:49:31  29.9   0.0   0.2  70.0   0.0    7   1323   8547   77    6   77 179.92 
14:49:32  29.9   0.0   0.1  70.0   0.0    8   1335   8530   77    6   77 179.51 
14:49:33  29.9   0.0   0.1  70.0   0.0    7   1291   8489   72    6   72 180.15 
14:49:34  30.0   0.0   0.1  70.0   0.0    7   1286   8492   77    6   77 180.85 
  Time    User  Nice   Sys  Idle    IO  Run Ctxt/s  IRQ/s Fork Exec Exit  Watts
14:49:35  29.9   0.0   0.1  69.9   0.1    7   1246   8476   77    6   77 180.29 
14:49:36  29.9   0.0   0.1  70.0   0.0    7   1170   8348   77    6   77 182.17 
14:49:37  30.0   0.0   0.1  70.0   0.0    7   1407   8400   77    6   77 180.15 
14:49:38  30.0   0.0   0.1  70.0   0.0    7   1217   8399   72    6   72 181.02 
14:49:39  29.9   0.0   0.1  70.0   0.0    7   1322   8405   77    6   77 179.82 
14:49:40  29.9   0.0   0.1  70.0   0.1    7   1473   8566   77    6   77 178.82 
14:49:41  29.9   0.0   0.1  69.8   0.2    7   1404   8259   72    6   72 178.58 
14:49:42  29.9   0.0   0.1  70.0   0.0    7   1360   8506   77    6   77 179.25 
14:49:43  29.9   0.0   0.1  70.0   0.0    7   1615   8916   72    6   72 177.27 
14:49:44  30.0   0.0   0.0  70.0   0.0    7   1391   8752   77    6   77 177.55 
14:49:45  30.0   0.0   0.1  70.0   0.0    7   1297   8537   77    6   77 179.26 
14:49:46  30.0   0.0   0.1  70.0   0.0    7   1373   8542   72    6   72 179.06 
14:49:47  29.4   0.0   0.1  70.4   0.1    7   1665   8727   74    8   74 175.34 
14:49:48  29.9   0.0   0.1  70.0   0.0    7   1818   8679   82    6   82 177.53 
14:49:49  29.9   0.0   0.1  70.0   0.0    7   1329   8457   77    6   77 177.72 
14:49:50  30.0   0.0   0.1  69.9   0.0    7   1427   8447   77    6   79 179.89 
14:49:51  30.0   0.0   0.1  70.0   0.0    7   1836   8601   82    6   82 178.37 
14:49:52  29.9   0.0   0.1  70.1   0.0    7   1329   8494   77    6   77 178.11 
14:49:53  29.9   0.0   0.1  69.9   0.1    7   1826   8873   77    6   77 178.34 
14:49:54  29.9   0.0   0.1  70.0   0.0    7   1537   8598   77    6   77 177.21 
14:49:55  29.9   0.0   0.1  70.0   0.0    7   1219   8353   77    6   77 179.47 
14:49:56  30.0   0.0   0.1  70.0   0.0    7   1538   8512   82    6   82 178.99 
14:49:57  30.0   0.0   0.1  70.0   0.0    7   1256   8425   77    6   77 177.80 
  Time    User  Nice   Sys  Idle    IO  Run Ctxt/s  IRQ/s Fork Exec Exit  Watts
14:49:58  30.0   0.0   0.1  69.8   0.2    7   1367   8470   77    6   77 177.67 
14:49:59  29.9   0.0   0.1  70.0   0.0    7   1473   8518   77    6   77 176.91 
14:50:00  29.9   0.0   0.1  70.0   0.0    7   1405   8650   77    6   77 177.59 
14:50:01  29.9   0.0   0.1  70.0   0.0    7   1338   8572   77    6   77 178.40 
14:50:02  29.9   0.0   0.1  70.0   0.0    7   1601   8859   77    6   77 179.30 
14:50:03  30.0   0.0   0.1  70.0   0.0    7   1335   8298   77    6   77 179.41 
14:50:04  29.9   0.0   0.1  69.6   0.4    7   1415   8723   77    6   77 178.34 
14:50:05  29.9   0.0   0.1  68.6   1.4    7   1259   8568   77    6   77 178.72 
14:50:06  30.0   0.0   0.1  70.0   0.0    7   2009   8962   77    6   77 177.76 
14:50:07  29.9   0.0   0.1  70.0   0.0    7   1449   8437   77    6   77 177.50 
14:50:08  30.0   0.0   0.1  70.0   0.0    7   1434   8397   72    6   72 177.14 
14:50:09  29.9   0.0   0.1  70.0   0.0    7   1618   8675   77    6   77 178.60 
14:50:10  30.0   0.0   0.1  69.8   0.2    7   1406   8396   77    6   77 179.95 
14:50:11  29.9   0.0   0.1  70.0   0.0    7   1224   8489   77    6   77 180.11 
14:50:12  30.0   0.0   0.1  70.0   0.0    7   1813   8714   77    6   77 179.95 
14:50:13  30.0   0.0   0.1  70.0   0.0    7   1519   8582   77    6   77 178.90 
14:50:14  30.0   0.0   0.1  69.8   0.1    7   1643   8815   75    9   74 178.55 
14:50:15  29.9   0.0   0.2  69.9   0.0    7   1550   8814   77    6   77 179.67 
14:50:16  29.9   0.0   0.1  70.0   0.0    7   1629   8756   77    6   77 179.54 
14:50:17  29.9   0.0   0.1  70.0   0.0    8   1478   8404   66    1   67 178.89 
14:50:18  30.0   0.0   0.1  69.9   0.1    7   1551   8357   76    5   75 179.11 
14:50:19  29.9   0.0   0.1  69.7   0.4    7   1224   8220   77    6   77 179.92 
14:50:20  30.0   0.0   0.1  70.0   0.0    7   1234   8400   72    6   72 177.05 
  Time    User  Nice   Sys  Idle    IO  Run Ctxt/s  IRQ/s Fork Exec Exit  Watts
14:50:21  29.9   0.0   0.1  70.0   0.0    7   1224   8442   77    6   77 177.34 
14:50:22  29.9   0.0   0.1  70.0   0.0    7   1237   8399   72    6   72 176.49 
14:50:23  29.8   0.0   0.1  70.1   0.0    7   1532   8581   77    6   77 177.84 
14:50:24  29.9   0.0   0.1  69.8   0.1    7   1473   8345   72    6   72 177.85 
14:50:25  29.9   0.0   0.1  70.0   0.0    7   1599   8715   72    6   72 178.73 
14:50:26  29.9   0.0   0.1  70.0   0.0    7   1418   8373   77    6   77 178.76 
14:50:27  29.3   0.0   0.1  70.6   0.0    7   1947   8701   74    8   74 175.75 
14:50:28  30.0   0.0   0.1  70.0   0.0    7   1625   8627   82    6   82 178.69 
14:50:29  29.9   0.0   0.1  70.0   0.0    7   1786   8564   77    6   77 176.82 
14:50:30  29.9   0.0   0.1  69.9   0.1    7   1479   8434   77    6   77 178.58 
14:50:31  29.9   0.0   0.1  70.0   0.0    7   1585   8488   77    6   77 177.34 
14:50:32  29.9   0.0   0.1  70.0   0.0    7   1318   8429   82    6   82 179.20 
14:50:33  29.9   0.0   0.1  70.0   0.0    7   1361   8648   77    6   77 177.12 
14:50:34  30.0   0.0   0.1  70.0   0.0    7   1390   8278   77    6   77 177.78 
14:50:35  29.9   0.0   0.1  69.9   0.1    7   1472   8472   77    6   77 178.20 
14:50:36  29.9   0.0   0.1  70.0   0.0    8   1686   8718   82    6   82 178.27 
14:50:37  30.0   0.0   0.1  69.9   0.0    7   1455   8440   77    6   77 177.61 
14:50:38  29.9   0.0   0.1  70.0   0.0    7   1427   8309   77    6   77 179.64 
14:50:39  30.0   0.0   0.1  70.0   0.0    7   1352   8402   77    6   77 178.01 
14:50:40  29.9   0.0   0.1  70.0   0.0    7   1403   8286   77    6   77 177.32 
14:50:41  29.9   0.0   0.1  69.9   0.1    7   1211   8228   77    6   77 178.33 
14:50:42  29.9   0.0   0.1  70.0   0.0    7   1427   8579   77    6   77 179.67 
14:50:43  30.0   0.0   0.0  70.0   0.0    7   1529   8756   77    6   77 179.67 
  Time    User  Nice   Sys  Idle    IO  Run Ctxt/s  IRQ/s Fork Exec Exit  Watts
14:50:44  29.9   0.0   0.1  70.0   0.1    7   1577   8469   77    6   77 177.64 
14:50:45  29.9   0.0   0.1  70.0   0.0    7   1322   8371   77    6   77 177.74 
14:50:46  30.0   0.0   0.1  70.0   0.0    7   1417   8620   77    6   77 178.08 
14:50:47  29.9   0.0   0.1  66.3   3.7    7   1350   8681   77    6   77 178.49 
14:50:48  30.0   0.0   0.1  70.0   0.0    7   1445   8462   77    6   77 179.20 
14:50:49  29.9   0.0   0.1  70.1   0.0    7   1355   8575   77    6   77 178.43 
14:50:50  29.9   0.0   0.1  70.0   0.0    7   1761   8850   77    6   77 178.81 
14:50:51  29.9   0.0   0.1  70.0   0.0    7   1427   8536   72    6   72 179.35 
14:50:52  29.9   0.0   0.1  70.0   0.0    7   1379   8469   77    6   77 178.50 
14:50:53  29.9   0.0   0.1  69.9   0.1    7   1345   8413   77    6   77 177.81 
14:50:54  30.0   0.0   0.1  70.0   0.0    7   1321   8336   72    6   72 177.65 
14:50:55  29.9   0.0   0.1  70.0   0.0    7   1442   8419   77    6   77 177.85 
14:50:56  29.8   0.0   0.1  70.1   0.0    7   1378   8463   77    6   77 179.24 
14:50:57  29.9   0.0   0.1  70.0   0.0    7   1499   8573   72    6   72 178.97 
14:50:58  30.0   0.0   0.0  70.0   0.0    7   1673   8621   77    6   77 177.60 
14:50:59  29.4   0.0   0.1  70.4   0.1    7   1947   8880   74    8   74 176.71 
14:51:00  30.0   0.0   0.1  70.0   0.0    7   1461   8591   82    6   82 178.59 
14:51:01  30.0   0.0   0.1  70.0   0.0    7   1463   8533   77    6   77 179.01 
14:51:02  29.9   0.0   0.1  70.0   0.0    7   1501   8631   77    6   77 178.44 
14:51:03  29.9   0.0   0.1  70.0   0.0    7   1267   8486   77    6   77 177.55 
14:51:04  29.9   0.0   0.1  69.9   0.1    7   1285   8538   82    6   82 177.86 
14:51:05  29.9   0.0   0.1  70.0   0.0    7   1388   8264   77    6   77 177.75 
14:51:06  29.9   0.0   0.1  70.0   0.0    7   1302   8434   77    6   77 179.87 
  Time    User  Nice   Sys  Idle    IO  Run Ctxt/s  IRQ/s Fork Exec Exit  Watts
14:51:07  29.9   0.0   0.1  70.0   0.0    7   1564   8540   77    6   77 178.44 
14:51:08  29.9   0.0   0.1  70.0   0.0    7   1401   8464   82    6   82 180.74 
14:51:09  29.9   0.0   0.1  70.0   0.0    7   1473   8572   77    6   77 177.00 
14:51:10  29.9   0.0   0.1  69.9   0.2    7   1454   8760   77    6   77 177.68 
14:51:11  29.9   0.0   0.1  70.0   0.0    7   1722   8913   77    6   77 178.08 
14:51:12  29.9   0.0   0.1  70.0   0.0    7   1597   8663   77    6   77 178.55 
14:51:13  29.9   0.0   0.1  70.1   0.0    7   1363   8491   77    6   77 177.08 
14:51:14  29.9   0.0   0.1  70.0   0.0    7   1385   8597   77    6   77 179.11 
14:51:15  30.0   0.0   0.1  70.0   0.0    7   1271   8473   77    6   77 177.59 
14:51:16  29.9   0.0   0.2  67.0   3.0    8   1339   8429   77    6   77 176.39 
14:51:17  29.9   0.0   0.1  69.6   0.4    7   1317   8272   77    6   77 178.52 
14:51:18  29.9   0.0   0.1  70.0   0.0    7   1524   8581   77    6   77 179.11 
14:51:19  29.9   0.0   0.1  70.0   0.0    7   1549   8660   72    6   72 177.41 
14:51:20  29.9   0.0   0.1  70.0   0.0    7   1708   8675   77    6   77 177.48 
14:51:21  30.0   0.0   0.1  70.0   0.0    7   1332   8395   77    6   77 179.16 
14:51:22  29.9   0.0   0.1  69.9   0.1    7   1416   8462   77    6   77 178.66 
14:51:23  30.0   0.0   0.1  70.0   0.0    7   1496   8630   77    6   77 179.19 
14:51:24  29.9   0.0   0.1  70.0   0.0    7   1391   8495   72    6   72 178.32 
14:51:25  29.9   0.0   0.1  70.0   0.0    7   1326   8593   77    6   77 178.14 
14:51:26  29.9   0.0   0.1  70.0   0.0    7   1653   8683   77    6   77 179.33 
14:51:27  30.0   0.0   0.1  70.0   0.0    7   1323   8426   77    6   77 178.73 
14:51:28  29.9   0.0   0.1  69.9   0.1    7   1311   8380   72    6   72 178.40 
14:51:29  30.0   0.0   0.1  70.0   0.0    7   1529   8614   77    6   77 177.89 
  Time    User  Nice   Sys  Idle    IO  Run Ctxt/s  IRQ/s Fork Exec Exit  Watts
14:51:30  29.9   0.0   0.1  70.0   0.0    7   1511   8562   72    6   72 179.09 
14:51:31  29.9   0.0   0.1  70.0   0.0    7   1415   8523   77    6   77 179.36 
14:51:32  30.0   0.0   0.1  70.0   0.0    7   1438   8392   77    6   77 179.61 
14:51:33  30.0   0.0   0.1  69.9   0.1    7   1923   8902   72    6   72 180.25 
14:51:34  29.9   0.0   0.1  70.0   0.0    7   1526   8551   77    6   77 176.78 
14:51:35  30.0   0.0   0.1  70.0   0.0    7   1518   8479   72    6   72 177.90 
14:51:36  29.9   0.0   0.1  70.0   0.0    7   1435   8569   77    6   77 179.24 
14:51:37  29.9   0.0   0.1  70.0   0.0    7   1451   8507   72    6   72 177.46 
14:51:38  30.0   0.0   0.1  70.0   0.0    7   1208   8297   72    6   72 179.40 
14:51:39  30.0   0.0   0.0  69.7   0.2    7   1317   8398   77    6   77 178.81 
14:51:40  29.9   0.0   0.1  70.0   0.0    7   1481   8659   72    6   72 179.93 
14:51:41  30.0   0.0   0.1  70.0   0.0    7   1666   8784   77    6   77 178.57 
14:51:42  29.5   0.0   0.1  70.4   0.0    7   1863   8847   74    8   74 176.66 
14:51:43  29.9   0.0   0.1  70.0   0.0    7   1768   8788   77    6   77 178.63 
14:51:44  29.9   0.0   0.1  69.9   0.1    7   1287   8440   82    6   82 178.46 
14:51:45  29.9   0.0   0.1  70.0   0.0    7   1349   8424   77    6   77 180.48 
14:51:46  30.0   0.0   0.1  70.0   0.0    7   1485   8613   77    6   77 179.08 
14:51:47  29.9   0.0   0.1  70.0   0.0    7   1569   8699   77    6   77 178.86 
14:51:48  29.9   0.0   0.1  70.0   0.0    7   1617   8695   82    6   82 178.76 
14:51:49  29.9   0.0   0.1  70.0   0.0    7   1384   8540   77    6   77 177.06 
14:51:50  30.0   0.0   0.1  68.5   1.5    7   1434   8656   77    6   77 179.29 
14:51:51  30.0   0.0   0.0  70.0   0.0    7   1330   8583   77    6   77 178.24 
14:51:52  29.9   0.0   0.1  70.0   0.0    8   1576   8586   77    6   77 178.50 
  Time    User  Nice   Sys  Idle    IO  Run Ctxt/s  IRQ/s Fork Exec Exit  Watts
14:51:53  30.0   0.0   0.1  70.0   0.0    7   1733   8774   82    6   82 179.47 
14:51:54  29.9   0.0   0.1  70.0   0.0    7   1512   8576   77    6   77 177.66 
14:51:55  29.9   0.0   0.1  70.0   0.0    7   1455   8635   77    6   77 178.68 
14:51:56  29.9   0.0   0.1  69.9   0.1    7   1337   8512   77    6   77 178.02 
14:51:57  29.9   0.0   0.1  70.0   0.0    7   1382   8773   77    6   77 178.49 
14:51:58  29.9   0.0   0.1  70.0   0.0    7   1553   8729   77    6   77 178.64 
14:51:59  30.0   0.0   0.1  70.0   0.0    7   1320   8410   77    6   77 179.65 
14:52:00  30.0   0.0   0.1  69.9   0.0    7   1355   8428   77    6   77 179.35 
14:52:01  30.0   0.0   0.0  70.0   0.0    7   1158   8385   77    6   77 177.37 
14:52:02  29.9   0.0   0.1  69.9   0.1    7   1607   8723   72    6   72 176.42 
14:52:03  30.0   0.0   0.1  70.0   0.0    7   1403   8486   77    6   77 178.79 
14:52:04  30.0   0.0   0.1  70.0   0.0    7   1242   8575   77    6   77 179.75 
14:52:05  29.9   0.0   0.1  70.0   0.0    7   1250   8429   77    6   77 178.47 
14:52:06  29.9   0.0   0.1  70.0   0.0    7   1390   8445   77    6   77 178.64 
14:52:07  29.9   0.0   0.1  70.0   0.0    7   1132   8401   72    6   72 178.07 
14:52:08  30.0   0.0   0.1  69.9   0.1    7   1390   8485   77    6   77 179.90 
14:52:09  29.9   0.0   0.1  70.0   0.0    7   1857   9024   77    6   77 180.20 
14:52:10  29.8   0.0   0.2  70.0   0.0    7   1412   8473   77    6   77 178.41 
14:52:11  29.9   0.0   0.1  70.0   0.0    7   1292   8571   72    6   72 178.40 
14:52:12  29.9   0.0   0.1  70.1   0.0    7   1477   8660   77    6   77 178.68 
14:52:13  30.0   0.0   0.0  70.0   0.1    7   1263   8505   77    6   77 178.20 
14:52:14  29.9   0.0   0.1  70.0   0.1    7   1283   8389   72    6   72 179.17 
14:52:15  29.9   0.0   0.1  70.0   0.0    7   1275   8479   77    6   77 178.56 
  Time    User  Nice   Sys  Idle    IO  Run Ctxt/s  IRQ/s Fork Exec Exit  Watts
14:52:16  29.9   0.0   0.1  70.0   0.0    7   1133   8433   72    6   72 179.47 
14:52:17  29.9   0.0   0.1  70.0   0.0    7   1485   8520   77    6   77 177.65 
14:52:18  29.9   0.0   0.1  68.5   1.6    7   1368   8528   74    6   72 178.76 
14:52:19  29.9   0.0   0.1  66.7   3.3    7   1508   8711   77    6   79 179.37 
14:52:20  29.9   0.0   0.1  70.0   0.0    7   1625   8941   72    6   72 178.46 
14:52:21  29.9   0.0   0.1  70.0   0.0    7   1322   8492   77    6   77 179.55 
14:52:22  30.0   0.0   0.1  70.0   0.0    7   1331   8543   72    6   72 179.87 
14:52:23  30.0   0.0   0.1  70.0   0.0    7   1334   8568   77    6   77 179.71 
14:52:24  29.9   0.0   0.1  69.3   0.7    7   1367   8459   72    6   72 177.48 
14:52:25  29.9   0.0   0.1  68.1   1.9    7   1510   8412   72    6   72 179.33 
14:52:26  30.0   0.0   0.1  70.0   0.0    7   2065   8895   77    6   77 179.15 
14:52:27  29.5   0.0   0.1  70.3   0.2    7   2114   9052   79    8   79 177.05 
14:52:28  29.9   0.0   0.1  70.0   0.0    7   1398   8606   77    6   77 179.63 
14:52:29  30.0   0.0   0.1  69.9   0.0    7   1436   8556   77    6   77 179.99 
14:52:30  30.0   0.0   0.0  70.0   0.0    8   1355   8481   82    6   82 178.76 
14:52:31  29.9   0.0   0.1  70.0   0.0    7   1535   8524   77    6   77 178.69 
14:52:32  30.0   0.0   0.1  69.8   0.1    7   1330   8540   77    6   77 179.92 
14:52:33  29.9   0.0   0.1  70.0   0.0    7   1542   8404   77    6   77 181.01 
14:52:34  30.0   0.0   0.1  70.0   0.0    8   1718   8855   82    6   82 179.46 
14:52:35  30.0   0.0   0.1  70.0   0.0    7   1381   8653   77    6   77 178.85 
14:52:36  29.9   0.0   0.1  70.0   0.0    7   1512   8518   77    6   77 177.39 
14:52:37  29.9   0.0   0.1  70.0   0.0    7   1220   8430   77    6   77 179.58 
14:52:38  29.9   0.0   0.1  69.9   0.1    7   1288   8372   77    6   77 179.63 
  Time    User  Nice   Sys  Idle    IO  Run Ctxt/s  IRQ/s Fork Exec Exit  Watts
14:52:39  30.0   0.0   0.1  70.0   0.0    7   1199   8333   77    6   77 180.33 
14:52:40  30.0   0.0   0.1  70.0   0.0    7   1210   8414   77    6   77 178.58 
14:52:41  29.9   0.0   0.1  70.0   0.0    7   1555   8575   82    6   82 179.16 
14:52:42  29.9   0.0   0.1  70.0   0.0    7   1538   8532   72    6   72 177.23 
14:52:43  30.0   0.0   0.1  70.0   0.0    7   1427   8560   77    6   77 178.71 
14:52:44  30.0   0.0   0.1  69.9   0.0    7   1458   8499   77    6   77 178.13 
14:52:45  29.9   0.0   0.1  69.9   0.1    8   1350   8403   72    1   72 177.32 
14:52:46  29.9   0.0   0.1  70.0   0.0    7   1565   8512   75    5   75 178.21 
14:52:47  29.9   0.0   0.1  70.0   0.0    7   1440   8555   77    6   77 178.73 
14:52:48  29.9   0.0   0.1  70.0   0.0    7   1620   8655   77    6   77 177.56 
14:52:49  30.0   0.0   0.1  70.0   0.0    7   1753   8881   77    6   77 178.83 
14:52:50  29.9   0.0   0.1  69.7   0.2    7   1460   8463   72    6   72 177.51 
14:52:51  30.0   0.0   0.1  70.0   0.0    7   1895   8835   77    6   77 180.18 
14:52:52  29.9   0.0   0.1  70.0   0.0    7   1575   8527   77    6   77 178.38 
14:52:53  30.0   0.0   0.1  69.9   0.0    7   1226   8492   77    6   77 179.69 
14:52:54  29.9   0.0   0.1  70.0   0.0    7   1252   8644   77    6   77 179.79 
14:52:55  29.9   0.0   0.1  70.0   0.0    7   1464   8435   72    6   72 179.86 
14:52:56  30.0   0.0   0.1  69.8   0.2    7   1547   8491   77    6   77 179.55 
14:52:57  30.0   0.0   0.1  70.0   0.0    7   1210   8378   77    6   77 180.71 
14:52:58  29.9   0.0   0.1  70.0   0.0    7   1367   8580   72    6   72 177.65 
14:52:59  30.0   0.0   0.1  70.0   0.0    7   1366   8569   77    6   77 175.39 
14:53:00  30.0   0.0   0.1  69.9   0.0    7   1349   8476   72    6   72 176.83 
14:53:01  30.0   0.0   0.1  70.0   0.0    7   1338   8322   77    6   77 178.61 
  Time    User  Nice   Sys  Idle    IO  Run Ctxt/s  IRQ/s Fork Exec Exit  Watts
14:53:02  29.9   0.0   0.1  68.7   1.3    7   1663   8597   72    6   72 179.79 
14:53:03  30.0   0.0   0.1  70.0   0.0    7   1548   8514   77    6   77 181.07 
14:53:04  30.0   0.0   0.1  70.0   0.0    7   1391   8554   72    6   72 179.15 
14:53:05  30.0   0.0   0.1  69.9   0.0    7   1366   8361   77    6   77 180.00 
14:53:06  30.1   0.0   0.1  69.9   0.0    7   1613   8627   72    6   72 180.68 
14:53:07  29.5   0.0   0.1  70.4   0.0    7   1988   8916   79    8   79 178.19 
14:53:08  30.0   0.0   0.1  69.9   0.1    7   1586   8612   77    6   77 178.80 
14:53:09  29.9   0.0   0.1  70.0   0.0    7   1580   8648   82    6   82 180.95 
14:53:10  29.9   0.0   0.1  70.0   0.0    7   1873   8873   77    6   77 179.10 
14:53:11  30.0   0.0   0.1  70.0   0.0    7   1417   8572   77    6   77 176.45 
14:53:12  30.0   0.0   0.1  70.0   0.0    7   1118   8292   77    6   77 180.79 
14:53:13  30.0   0.0   0.1  70.0   0.0    8   1269   8460   82    6   82 175.77 
14:53:14  29.9   0.0   0.1  69.2   0.8    7   1472   8613   77    6   77 178.60 
14:53:15  30.0   0.0   0.0  70.0   0.0    7   1172   8419   77    6   77 178.93 
14:53:16  30.0   0.0   0.1  69.9   0.0    7   1406   8607   77    6   77 177.66 
14:53:17  30.0   0.0   0.1  69.9   0.0    7   1404   8716   77    6   77 174.95 
14:53:18  30.0   0.0   0.1  70.0   0.0    7   1374   8639   77    6   77 175.72 
14:53:19  29.9   0.0   0.1  70.1   0.0    7   1121   8336   77    6   77 177.15 
14:53:20  29.9   0.0   0.1  69.8   0.1    7   1271   8438   77    6   77 177.65 
14:53:21  29.9   0.0   0.2  70.0   0.0    7   1367   8555   77    6   77 175.60 
14:53:22  30.0   0.0   0.1  70.0   0.0    7   1280   8331   77    6   77 177.42 
14:53:23  30.0   0.0   0.1  70.0   0.0    7   1227   8424   77    6   77 178.49 
14:53:24  30.0   0.0   0.1  70.0   0.0    7   1259   8351   77    6   77 177.46 
  Time    User  Nice   Sys  Idle    IO  Run Ctxt/s  IRQ/s Fork Exec Exit  Watts
14:53:25  29.9   0.0   0.1  70.0   0.0    7   1206   8408   77    6   77 175.11 
14:53:26  30.0   0.0   0.1  69.8   0.1    7   1413   8535   77    6   77 176.66 
14:53:27  30.0   0.0   0.1  70.0   0.0    7   1251   8446   72    6   72 175.58 
14:53:28  30.0   0.0   0.1  69.9   0.0    7   1346   8666   77    6   77 175.98 
14:53:29  30.0   0.0   0.1  70.0   0.0    7   1339   8698   77    6   77 177.49 
14:53:30  30.0   0.0   0.1  70.0   0.0    7   1377   8645   77    6   77 177.53 
14:53:31  29.9   0.0   0.2  70.0   0.0    7   1716   8685   72    6   72 177.53 
14:53:32  30.0   0.0   0.1  69.9   0.1    7   1580   8692   77    6   77 176.61 
14:53:33  30.0   0.0   0.1  70.0   0.0    7   1290   8529   77    6   77 178.92 
14:53:34  30.0   0.0   0.1  69.9   0.0    7   1144   8469   72    6   72 175.85 
14:53:35  30.0   0.0   0.1  70.0   0.0    7   1536   8626   77    6   77 177.81 
14:53:36  29.9   0.0   0.1  70.0   0.0    7   1648   8806   77    6   77 177.86 
14:53:37  29.9   0.0   0.1  70.0   0.0    7   1472   8607   72    6   72 175.60 
14:53:38  30.0   0.0   0.1  69.9   0.1    7   1540   8919   77    6   77 178.25 
14:53:39  30.0   0.0   0.1  70.0   0.0    7   1488   8629   72    6   72 175.35 
14:53:40  30.0   0.0   0.1  70.0   0.0    7   1334   8528   77    6   77 177.95 
14:53:41  29.9   0.0   0.1  70.0   0.0    7   1383   8568   72    6   72 176.98 
14:53:42  29.4   0.0   0.1  70.5   0.0    7   1918   8874   74    8   74 173.40 
14:53:43  30.0   0.0   0.1  70.0   0.0    7   1365   8545   82    6   82 177.31 
14:53:44  30.0   0.0   0.1  69.8   0.2    7   1169   8485   77    6   77 175.77 
14:53:45  30.0   0.0   0.1  69.9   0.0    7   1361   8442   77    6   77 176.90 
14:53:46  30.0   0.0   0.1  69.9   0.0    7   1477   8693   77    6   77 177.26 
14:53:47  30.0   0.0   0.1  70.0   0.0    7   1206   8594   82    6   82 177.23 
  Time    User  Nice   Sys  Idle    IO  Run Ctxt/s  IRQ/s Fork Exec Exit  Watts
14:53:48  30.0   0.0   0.1  69.9   0.0    7   1416   8512   77    6   77 176.58 
14:53:49  29.9   0.0   0.1  70.0   0.0    7   1251   8561   77    6   77 176.00 
14:53:50  29.9   0.0   0.1  69.0   1.1    7   1803   8664   77    6   77 176.10 
14:53:51  30.0   0.0   0.1  70.0   0.0    7   1261   8619   77    6   77 175.12 
14:53:52  30.0   0.0   0.1  70.0   0.0    7   1392   8634   77    6   77 173.87 
14:53:53  30.0   0.0   0.1  69.9   0.0    7   1619   8727   77    6   77 175.85 
14:53:54  30.0   0.0   0.1  70.0   0.0    7   1278   8422   77    6   77 177.05 
14:53:55  30.0   0.0   0.1  70.0   0.0    7   1196   8309   77    6   77 177.88 
14:53:56  29.9   0.0   0.1  70.0   0.1    7   1292   8508   77    6   77 176.90 
14:53:57  29.9   0.0   0.2  70.0   0.0    7   1657   8891   77    6   77 174.19 
14:53:58  29.9   0.0   0.1  70.0   0.0    7   1600   8617   77    6   77 176.84 
14:53:59  30.0   0.0   0.1  70.0   0.0    9   1151   8424   77    6   77 176.56 
14:54:00  30.0   0.0   0.1  69.9   0.0    7   1466   8639   77    6   77 177.88 
14:54:01  30.0   0.0   0.1  70.0   0.0    7   1142   8258   73    6   77 179.61 
14:54:02  30.0   0.0   0.1  69.8   0.1    7   1147   8349   76    6   72 179.15 
14:54:03  30.0   0.0   0.1  70.0   0.0    7   1292   8421   77    6   77 174.99 
14:54:04  29.9   0.0   0.1  70.0   0.0    7   1288   8472   77    6   77 178.46 
14:54:05  30.0   0.0   0.1  69.9   0.0    7   1267   8650   77    6   77 177.18 
14:54:06  30.0   0.0   0.1  70.0   0.0    7   1500   8744   72    6   72 177.02 
14:54:07  29.9   0.0   0.1  69.8   0.1    7   1123   8362   77    6   77 180.01 
14:54:08  30.0   0.0   0.0  70.0   0.0    7   1314   8506   77    6   77 180.53 
14:54:09  30.0   0.0   0.0  69.9   0.0    7   1140   8573   77    6   77 180.36 
14:54:10  30.0   0.0   0.1  69.9   0.0    7   1293   8429   77    6   77 179.07 
  Time    User  Nice   Sys  Idle    IO  Run Ctxt/s  IRQ/s Fork Exec Exit  Watts
14:54:11  30.0   0.0   0.0  69.9   0.0    7   1029   8061   72    6   72 181.01 
14:54:12  29.9   0.0   0.1  70.0   0.0    7   1526   8478   77    6   77 177.66 
14:54:13  29.9   0.0   0.1  69.7   0.3    7   1169   8412   77    6   77 180.78 
14:54:14  30.0   0.0   0.1  70.0   0.0    7   1158   8471   72    6   72 177.70 
14:54:15  30.0   0.0   0.1  69.9   0.0    7   1399   8457   77    6   77 180.55 
14:54:16  30.1   0.0   0.0  70.0   0.0    7   1319   8606   72    6   72 177.50 
14:54:17  30.0   0.0   0.1  69.9   0.0    7   1382   8761   77    6   77 177.89 
14:54:18  29.9   0.0   0.1  70.0   0.0    7   1293   8523   72    6   72 175.53 
14:54:19  29.9   0.0   0.1  69.8   0.2    7   1162   8498   72    6   72 176.91 
14:54:20  29.3   0.0   0.1  70.6   0.0    7   1847   8958   74    8   74 169.63 
14:54:21  30.0   0.0   0.0  70.0   0.0    7   1482   8784   82    6   82 175.09 
14:54:22  30.1   0.0   0.1  69.9   0.0    7   1579   8706   77    6   77 177.86 
14:54:23  30.0   0.0   0.1  69.9   0.0    7   1536   8978   77    6   77 173.57 
14:54:24  30.0   0.0   0.1  70.0   0.0    7   1364   8779   78    6   78 175.63 
14:54:25  30.0   0.0   0.1  69.9   0.1    7   1552   8660   77    6   77 177.66 
14:54:26  29.9   0.0   0.1  70.0   0.0    7   1369   8650   82    6   82 178.82 
14:54:27  30.0   0.0   0.1  70.0   0.0    7   1208   8493   77    6   77 174.13 
14:54:28  30.0   0.0   0.1  70.0   0.0    7   1802   8781   77    6   77 176.51 
14:54:29  30.0   0.0   0.1  70.0   0.0    7   1454   8655   72    6   72 173.20 
14:54:30  29.9   0.0   0.1  70.0   0.0    7   1674   8835   77    6   77 173.41 
14:54:31  30.0   0.0   0.0  69.9   0.0    7   1262   8386   77    6   77 180.91 
14:54:32  30.0   0.0   0.1  70.0   0.0    7   1274   8070   82    6   82 179.58 
14:54:33  30.0   0.0   0.1  70.0   0.0    7   1552   8692   77    6   77 177.63 
  Time    User  Nice   Sys  Idle    IO  Run Ctxt/s  IRQ/s Fork Exec Exit  Watts
14:54:34  30.0   0.0   0.0  70.0   0.0    7   1421   8510   77    6   77 176.71 
14:54:35  29.9   0.0   0.1  70.0   0.0    7   1473   8743   72    6   72 175.16 
14:54:36  30.0   0.0   0.1  70.0   0.0    7   1181   8653   77    6   77 174.18 
14:54:37  29.9   0.0   0.1  70.0   0.0    7   1624   8776   77    6   77 176.04 
14:54:38  30.0   0.0   0.1  70.0   0.0    8   1226   8333   77    6   77 178.19 
14:54:39  29.9   0.0   0.1  70.0   0.0    7   1267   8474   72    6   72 177.28 
14:54:40  30.0   0.0   0.1  70.0   0.0    7   1424   8752   77    6   77 176.47 
14:54:41  29.9   0.0   0.1  70.0   0.0    7   1444   8697   77    6   77 175.38 
14:54:42  29.9   0.0   0.1  70.0   0.0    7   1389   8359   77    6   77 177.83 
14:54:43  30.0   0.0   0.1  69.9   0.1    7   1167   8492   77    6   77 176.78 
14:54:44  30.0   0.0   0.1  70.0   0.0    7   1438   8643   73    6   72 177.99 
14:54:45  29.9   0.0   0.1  70.0   0.0    7   1432   8949   77    6   77 172.48 
14:54:46  30.0   0.0   0.1  70.0   0.0    7   1519   8694   72    6   72 177.71 
14:54:47  30.0   0.0   0.1  70.0   0.0    7   1470   8473   77    6   77 177.05 
14:54:48  29.9   0.0   0.1  69.9   0.0    7   1394   8611   77    6   77 174.52 
14:54:49  29.9   0.0   0.1  69.8   0.1    7   1284   8340   72    6   72 176.95 
14:54:50  30.0   0.0   0.1  70.0   0.0    7   1327   8454   77    6   77 177.34 
14:54:51  30.0   0.0   0.1  69.9   0.0    7   1308   8306   72    6   72 173.77 
14:54:52  29.9   0.0   0.1  70.1   0.0    7   1381   8674   77    6   77 172.70 
14:54:53  30.0   0.0   0.1  70.0   0.0    7   1377   8607   72    6   72 176.61 
14:54:54  30.0   0.0   0.1  70.0   0.0    7   1323   8507   72    6   72 174.04 
14:54:55  30.0   0.0   0.1  69.8   0.2    7   1385   8389   77    6   77 176.37 
14:54:56  30.0   0.0   0.1  70.0   0.0    7   1107   8355   72    6   72 176.40 
  Time    User  Nice   Sys  Idle    IO  Run Ctxt/s  IRQ/s Fork Exec Exit  Watts
14:54:57  30.0   0.0   0.1  70.0   0.0    7   1385   8393   77    6   77 176.18 
14:54:58  30.0   0.0   0.1  70.0   0.0    7   1386   8444   72    6   72 178.52 
14:54:59  30.0   0.0   0.1  70.0   0.0    7   1225   8505   72    6   72 174.62 
14:55:00  29.4   0.0   0.0  70.5   0.0    7   1769   8826   74    8   74 169.80 
14:55:01  30.0   0.0   0.1  69.6   0.4    7   1794   8861   85    8   85 177.94 
14:55:02  30.0   0.0   0.1  70.0   0.0    8   1601   8855   77    6   77 173.60 
14:55:03  30.0   0.0   0.1  70.0   0.0    7   1399   8801   77    6   77 176.77 
14:55:04  30.0   0.0   0.1  70.0   0.0    8   1394   8676   77    6   77 175.87 
14:55:05  29.8   0.0   0.2  70.0   0.0    7   1437   8881   77    6   77 173.83 
14:55:06  30.0   0.0   0.1  70.0   0.0    7   1458   8522   77    6   77 177.57 
14:55:07  30.0   0.0   0.1  69.8   0.1    7   1486   8615   77    6   77 180.61 
14:55:08  29.9   0.0   0.1  70.0   0.0    7   1519   8802   77    6   77 174.40 
14:55:09  30.0   0.0   0.1  70.0   0.0    7   1221   8407   82    6   82 177.32 
14:55:10  29.9   0.0   0.1  70.0   0.0    7   1348   8463   77    6   77 174.52 
14:55:11  30.0   0.0   0.1  70.0   0.0    7   1473   8512   77    6   77 178.56 
14:55:12  30.1   0.0   0.1  69.9   0.0    7   1286   8446   77    6   77 174.85 
14:55:13  29.9   0.0   0.1  70.0   0.1    7   1891   8828   77    6   77 175.41 
14:55:14  30.0   0.0   0.0  70.0   0.1   11   1185   8463   76    5   72 176.46 
14:55:15  30.0   0.0   0.1  70.0   0.0    7   1145   8186   71    1   75 177.12 
14:55:16  29.9   0.0   0.1  70.0   0.0    7   1358   8637   72    6   72 173.40 
14:55:17  29.9   0.0   0.2  69.9   0.0    7   1194   8479   77    6   77 176.95 
14:55:18  29.9   0.0   0.1  70.0   0.0    7   1719   8898   77    6   77 176.55 
14:55:19  30.0   0.0   0.1  70.0   0.0    7   1537   8765   77    6   77 174.21 
  Time    User  Nice   Sys  Idle    IO  Run Ctxt/s  IRQ/s Fork Exec Exit  Watts
14:55:20  30.0   0.0   0.1  69.9   0.1    7   1296   8571   77    6   77 176.99 
14:55:21  30.0   0.0   0.1  70.0   0.0    4   1253   8455   72    6   77 175.72 
-------- ----- ----- ----- ----- ----- ---- ------ ------ ---- ---- ---- ------ 
 Average  29.9   0.0   0.1  70.0   0.1  7.0 1443.5 8535.7 76.2  6.0 76.2 177.58 
 GeoMean  29.7   0.0   0.0  70.0   0.0  7.0 1430.6 8525.9 75.8  0.0  0.0 177.36 
  StdDev   1.4   0.0   0.2   1.3   0.4  0.3  203.5  327.5  4.6  0.6  4.9   6.38 
-------- ----- ----- ----- ----- ----- ---- ------ ------ ---- ---- ---- ------ 
 Minimum   0.5   0.0   0.0  65.5   0.0  3.0 1029.0 2895.0  5.0  0.0  0.0  45.57 
 Maximum  30.4   0.0   4.6  94.9   4.0 11.0 3183.0 9241.0 85.0  9.0 85.0 182.17 
-------- ----- ----- ----- ----- ----- ---- ------ ------ ---- ---- ---- ------ 
Summary:
CPU: 177.58 Watts on average with standard deviation 6.38  
Note: power read from RAPL domains: uncore, pkg-0, core.
These readings do not cover all the hardware in this device.
