Running for 600.0 seconds (600 samples at 1.0 second intervals).
Power measurements will start in 0 seconds time.

  Time    User  Nice   Sys  Idle    IO  Run Ctxt/s  IRQ/s Fork Exec Exit  Watts
14:00:20   2.1   0.0   1.1  92.9   3.9    1   3932   3172   16    7    2  31.93 
14:00:21  21.7   0.0   0.3  77.5   0.6    7   7928  12328  387    1  385 118.46 
14:00:22  29.1   0.0   0.3  70.5   0.0    7  10774  16324  577    6  577 159.43 
14:00:23  26.9   0.0   0.5  71.4   1.1    7  10488  15802  527    8  524 149.25 
14:00:24  29.0   0.0   0.4  69.0   1.7    7  10510  15920  572    6  572 157.47 
14:00:25  29.0   0.0   0.3  70.7   0.0    7  10728  16289  557    6  557 156.86 
14:00:26  29.0   0.0   0.4  70.6   0.0    2  10887  15990  542    6  543 157.19 
14:00:27  28.9   0.0   0.4  70.7   0.0    7  10156  15552  532    6  531 157.21 
14:00:28  27.0   0.0   0.4  72.2   0.5    7  10409  15554  476    8  474 149.02 
14:00:29  28.9   0.0   0.4  69.8   1.0    8  10371  16084  577    6  577 156.20 
14:00:30  28.9   0.0   0.5  70.5   0.0    7  10941  16398  567    6  567 158.22 
14:00:31  29.1   0.0   0.3  70.6   0.0    7  10899  16046  552    6  552 159.41 
14:00:32  29.0   0.0   0.3  70.8   0.0    7  10594  15739  542    6  542 158.63 
14:00:33  26.9   0.0   0.5  72.7   0.0    7  10202  15505  529    8  529 151.50 
14:00:34  29.0   0.0   0.3  67.6   3.1    7  10797  16243  572    6  572 160.49 
14:00:35  28.9   0.0   0.4  70.8   0.0    7  10510  16453  557    6  557 158.29 
14:00:36  26.9   0.0   0.4  72.7   0.0    7   9883  15396  509    8  509 149.82 
14:00:37  28.9   0.0   0.3  70.8   0.0    7  10879  16418  577    6  577 159.92 
14:00:38  29.0   0.0   0.5  69.6   1.0    7  10938  16923  562    6  562 160.16 
14:00:39  28.8   0.0   0.3  70.9   0.0    7  11090  17012  542    6  542 159.96 
14:00:40  26.9   0.0   0.4  68.3   4.4    8  10586  15909  519    8  519 151.11 
14:00:41  28.9   0.0   0.4  69.2   1.5    7  10777  16919  572    6  572 158.95 
14:00:42  29.1   0.0   0.3  70.5   0.0    7  10815  16432  557    6  557 159.78 
  Time    User  Nice   Sys  Idle    IO  Run Ctxt/s  IRQ/s Fork Exec Exit  Watts
14:00:43  29.1   0.0   0.3  70.6   0.0    8  10605  16904  542    6  542 160.32 
14:00:44  27.0   0.0   0.4  72.7   0.0    8  10668  15974  524    8  524 151.92 
14:00:45  28.9   0.0   0.3  70.7   0.1    2  10578  16597  572    6  573 161.84 
14:00:46  28.8   0.0   0.5  70.7   0.0    7  10797  16973  557    6  556 160.73 
14:00:47  27.1   0.0   0.3  72.6   0.0    7  10276  15808  515    8  514 152.60 
14:00:48  28.9   0.0   0.5  70.6   0.0    7  10670  16561  577    6  577 160.46 
14:00:49  28.9   0.0   0.4  70.7   0.0    7  10295  16670  557    6  557 160.51 
14:00:50  29.0   0.0   0.3  70.7   0.0    7  11365  17447  547    6  547 162.62 
14:00:51  26.9   0.0   0.4  72.5   0.1    7  10752  16092  514    8  514 151.76 
14:00:52  29.1   0.0   0.3  70.7   0.0    9  10896  16332  572    6  572 163.47 
14:00:53  28.8   0.0   0.4  70.9   0.0    7  10067  15347  557    6  557 160.84 
14:00:54  28.8   0.0   0.5  70.7   0.0    7  11174  16887  547    6  547 163.33 
14:00:55  26.8   0.0   0.4  72.8   0.0    7  10468  15821  505    8  509 151.95 
14:00:56  28.6   0.0   0.6  70.7   0.2    8  10319  16972  576    6  572 161.67 
14:00:57  29.0   0.0   0.4  70.6   0.0    7  10883  16287  562    6  562 161.79 
14:00:58  26.8   0.0   0.3  72.9   0.0    7  10944  16338  524    8  524 151.66 
14:00:59  28.6   0.0   0.5  70.9   0.0    7  11286  17035  567    6  567 161.04 
14:01:00  29.1   0.0   0.4  70.6   0.0    7  10572  15868  557    6  557 162.35 
14:01:01  29.0   0.0   0.4  70.7   0.0    7  11211  16389  542    6  542 162.29 
14:01:02  26.8   0.0   0.3  72.8   0.1    7  10276  15094  492    8  494 154.49 
14:01:03  28.9   0.0   0.5  70.7   0.0    7  10862  16238  575    6  577 162.75 
14:01:04  28.9   0.0   0.4  70.7   0.0    8  11035  16691  571    6  567 164.90 
14:01:05  28.9   0.0   0.5  70.6   0.0    7  10910  16599  557    6  557 166.16 
  Time    User  Nice   Sys  Idle    IO  Run Ctxt/s  IRQ/s Fork Exec Exit  Watts
14:01:06  26.9   0.0   0.4  72.7   0.0    8  10703  15445  504    8  504 155.63 
14:01:07  29.0   0.0   0.4  70.6   0.0    9  10919  16902  572    6  572 162.74 
14:01:08  28.8   0.0   0.4  68.7   2.1    7  10178  16096  562    6  562 162.49 
14:01:09  29.1   0.0   0.3  70.6   0.0    8  10479  16026  547    6  547 162.59 
14:01:10  28.9   0.0   0.4  70.7   0.0    7  10483  16091  542    6  542 164.72 
14:01:11  29.2   0.0   0.3  70.6   0.0    7  10765  16049  532    6  532 165.41 
14:01:12  26.7   0.0   0.4  72.9   0.0    7  10297  15852  499    8  499 153.49 
14:01:13  29.1   0.0   0.3  70.7   0.0    7  10141  15899  577    6  577 165.04 
14:01:14  28.8   0.0   0.4  68.4   2.4    7  11013  16648  557    6  557 164.06 
14:01:15  29.1   0.0   0.3  70.6   0.0    7  11089  16215  557    6  557 166.19 
14:01:16  27.0   0.0   0.3  72.7   0.0    7  10211  15260  514    8  514 153.59 
14:01:17  29.1   0.0   0.3  70.5   0.0    2  10465  16395  572    6  573 162.63 
14:01:18  27.0   0.0   0.4  72.6   0.0    7  10482  15630  519    8  518 154.34 
14:01:19  28.8   0.0   0.4  70.8   0.0    7  10251  16280  582    6  582 162.75 
14:01:20  29.3   0.0   0.3  69.2   1.2    7  10270  16406  567    6  567 163.89 
14:01:21  29.1   0.0   0.3  70.6   0.0    7  10415  16228  547    6  547 163.64 
14:01:22  26.3   0.0   0.6  73.1   0.0    8   9573  15301  494    8  494 148.03 
14:01:23  29.6   0.0   0.2  70.2   0.0    7  10359  16126  564    6  567 161.91 
14:01:24  29.3   0.0   0.4  70.3   0.0    7  10215  17020  550    6  547 161.65 
14:01:25  29.3   0.0   0.2  70.5   0.0    7  10616  16238  542    6  542 161.21 
14:01:26  29.2   0.0   0.3  69.7   0.8    7   9789  16255  527    6  527 161.38 
14:01:27  26.7   0.0   0.4  72.9   0.0    7  10109  16322  504    8  504 151.97 
14:01:28  29.4   0.0   0.4  70.2   0.0    7   9924  16359  557    6  557 161.71 
  Time    User  Nice   Sys  Idle    IO  Run Ctxt/s  IRQ/s Fork Exec Exit  Watts
14:01:29  29.2   0.0   0.4  70.4   0.0    7  10536  16519  552    6  552 162.83 
14:01:30  29.3   0.0   0.4  70.3   0.0    7   9924  16370  537    6  537 162.16 
14:01:31  26.8   0.0   0.5  72.7   0.0    7   9718  16221  494    8  494 153.34 
14:01:32  29.1   0.0   0.4  70.4   0.2    7  10331  17104  572    6  572 162.66 
14:01:33  29.3   0.0   0.3  70.4   0.0    8  10466  17215  552    6  552 160.41 
14:01:34  29.2   0.0   0.3  70.5   0.0    7  10359  17028  542    6  542 160.92 
14:01:35  26.9   0.0   0.5  72.7   0.0    7  10263  16689  505    8  504 153.13 
14:01:36  29.3   0.0   0.4  70.3   0.0    7   9756  16352  567    6  567 161.31 
14:01:37  29.3   0.0   0.4  70.3   0.0    7   9904  16152  552    6  552 164.07 
14:01:38  29.0   0.0   0.5  70.4   0.1    7  10311  16879  532    6  532 162.44 
14:01:39  26.8   0.0   0.4  72.8   0.0    7   9976  16406  514    8  514 153.24 
14:01:40  29.0   0.0   0.5  70.5   0.0    2   9747  16376  557    6  558 160.46 
14:01:41  26.9   0.0   0.3  72.7   0.0    7  10189  15788  505    8  503 152.00 
14:01:42  29.2   0.0   0.5  70.3   0.0    7  10416  16616  577    6  577 163.61 
14:01:43  28.0   0.0   0.4  70.6   1.1    2  10065  16235  534    8  539 159.43 
14:01:44  28.1   0.0   0.3  71.4   0.2   10   9594  15921  552    6  547 157.74 
14:01:45  29.5   0.0   0.3  70.2   0.0    8  10166  16702  557    6  557 159.47 
14:01:46  29.3   0.0   0.3  70.5   0.0    7  10150  16536  542    6  542 161.85 
14:01:47  29.1   0.0   0.4  70.5   0.0    7  10081  15946  537    6  537 163.55 
14:01:48  29.3   0.0   0.3  70.4   0.0    7   9538  15743  522    6  522 163.17 
14:01:49  29.2   0.0   0.4  70.4   0.1    7   9321  15768  512    6  512 160.33 
14:01:50  29.2   0.0   0.5  70.4   0.0    7   9930  16094  497    6  497 158.89 
14:01:51  27.1   0.0   0.4  72.5   0.0    2   9868  15858  499    8  500 153.09 
  Time    User  Nice   Sys  Idle    IO  Run Ctxt/s  IRQ/s Fork Exec Exit  Watts
14:01:52  29.4   0.0   0.2  70.3   0.0    7   9837  16293  567    6  566 162.66 
14:01:53  29.5   0.0   0.2  70.3   0.0    7   9799  16752  552    6  552 162.54 
14:01:54  26.9   0.0   0.5  72.5   0.0    6  10233  16333  509    8  509 153.01 
14:01:55  29.1   0.0   0.3  70.6   0.1    8   9746  16259  562    6  562 162.42 
14:01:56  29.1   0.0   0.5  70.4   0.0    7  10395  16901  552    6  552 162.64 
14:01:57  27.2   0.0   0.4  72.5   0.0    7   9983  16584  509    8  509 155.10 
14:01:58  29.4   0.0   0.3  70.3   0.0    7  10714  17055  567    6  567 166.27 
14:01:59  29.4   0.0   0.3  70.3   0.0    8  10212  16566  557    6  557 166.53 
14:02:00  26.7   0.0   0.5  72.8   0.0    7   9928  15922  506    8  509 151.90 
14:02:01  29.2   0.0   0.4  70.4   0.1    7   9377  16584  565    6  562 161.66 
14:02:02  29.3   0.0   0.3  70.4   0.0    7   9825  17261  552    6  552 162.24 
14:02:03  29.2   0.0   0.4  70.5   0.0    7   8979  16133  537    6  537 161.20 
14:02:04  29.0   0.0   0.4  70.7   0.0    7   9826  15992  527    6  527 161.92 
14:02:05  29.0   0.0   0.3  70.7   0.0    8  10185  16238  512    6  512 162.11 
14:02:06  27.3   0.0   0.3  72.3   0.0    7  10091  15507  494    8  494 154.22 
14:02:07  29.3   0.0   0.3  70.3   0.1    7  10735  17033  567    6  567 161.65 
14:02:08  29.3   0.0   0.4  70.3   0.0    7   9907  16309  557    6  557 162.36 
14:02:09  29.4   0.0   0.3  70.3   0.0    7  10348  15863  537    6  537 161.49 
14:02:10  29.1   0.0   0.4  70.5   0.0    8   9704  16024  527    6  527 162.15 
14:02:11  27.2   0.0   0.3  72.5   0.0    7  10028  16389  494    8  494 153.28 
14:02:12  29.1   0.0   0.4  70.5   0.0    7  10218  16898  567    6  567 163.25 
14:02:13  29.2   0.0   0.4  70.4   0.1    7  10395  16872  557    6  557 163.37 
14:02:14  29.2   0.0   0.3  70.5   0.0    7  10134  16572  542    6  542 163.64 
  Time    User  Nice   Sys  Idle    IO  Run Ctxt/s  IRQ/s Fork Exec Exit  Watts
14:02:15  29.2   0.0   0.5  70.3   0.0    2   9954  16763  527    6  532 163.03 
14:02:16  27.3   0.0   0.3  72.4   0.0    7  10084  16745  524    8  519 153.88 
14:02:17  29.2   0.0   0.3  70.5   0.0    7  10434  17576  562    6  562 162.40 
14:02:18  29.3   0.0   0.3  70.4   0.0    7  10545  17541  542    6  542 162.40 
14:02:19  29.1   0.0   0.4  69.7   0.8    7  10181  16538  537    6  537 163.47 
14:02:20  29.4   0.0   0.4  70.2   0.0    8  10199  16675  527    6  527 165.62 
14:02:21  29.5   0.0   0.2  70.2   0.0    7  10226  16081  522    6  522 168.71 
14:02:22  27.4   0.0   0.3  72.3   0.0    7  10194  15729  485    8  484 155.93 
14:02:23  29.2   0.0   0.5  70.3   0.0    7  10251  17300  567    6  567 161.95 
14:02:24  29.0   0.0   0.4  70.6   0.0    7  10375  16865  552    6  552 162.72 
14:02:25  27.1   0.0   0.4  72.4   0.1    7  10305  16011  504    8  504 153.32 
14:02:26  29.0   0.0   0.5  70.5   0.0    7   9902  16517  562    6  562 160.24 
14:02:27  29.0   0.0   0.5  70.5   0.0    7  10642  16569  557    6  557 164.30 
14:02:28  29.1   0.0   0.4  70.5   0.0    7  10654  16760  542    6  542 162.92 
14:02:29  27.0   0.0   0.5  72.5   0.0    7   9454  16127  519    8  519 151.08 
14:02:30  29.3   0.0   0.3  70.4   0.0    7   9714  16710  563    6  567 160.76 
14:02:31  29.4   0.0   0.3  69.3   0.9    7  10162  16176  551    6  547 163.66 
14:02:32  27.4   0.0   0.4  72.0   0.2    7  10240  16007  519    8  519 155.12 
14:02:33  29.1   0.0   0.4  70.5   0.0    7  10417  16857  562    6  562 160.37 
14:02:34  27.0   0.0   0.6  72.5   0.0    2   9861  16590  514    8  515 152.95 
14:02:35  29.3   0.0   0.3  70.4   0.0    7  10107  16619  567    6  566 160.58 
14:02:36  29.4   0.0   0.2  70.4   0.0    7  10496  16853  547    6  547 162.87 
14:02:37  26.8   0.0   0.4  72.7   0.1    8   9772  16042  519    8  519 153.22 
  Time    User  Nice   Sys  Idle    IO  Run Ctxt/s  IRQ/s Fork Exec Exit  Watts
14:02:38  29.2   0.0   0.4  70.4   0.0    8  10803  17125  567    6  567 162.46 
14:02:39  29.4   0.0   0.3  70.4   0.0    7  10037  16741  547    6  547 160.71 
14:02:40  29.3   0.0   0.4  70.4   0.0    7  10330  16944  542    6  542 166.26 
14:02:41  27.2   0.0   0.4  72.4   0.0    7  10028  15896  523    8  524 154.20 
14:02:42  29.3   0.0   0.4  70.1   0.2    7   9364  16110  563    6  562 160.78 
14:02:43  29.2   0.0   0.3  70.5   0.0    7   9560  16040  547    6  547 158.91 
14:02:44  29.2   0.0   0.3  70.5   0.0    7  10001  16408  532    6  532 161.26 
14:02:45  26.9   0.0   0.4  72.8   0.0    7   9943  15813  514    8  514 152.69 
14:02:46  29.4   0.0   0.3  70.3   0.0    9   9110  15949  567    6  567 163.12 
14:02:47  29.3   0.0   0.3  70.3   0.1    7   9094  15814  547    6  547 161.14 
14:02:48  27.1   0.0   0.4  72.6   0.0    2   9536  16208  524    8  524 152.88 
14:02:49  29.1   0.0   0.5  70.5   0.0    7   9575  16976  562    6  562 161.02 
14:02:50  29.2   0.0   0.4  70.4   0.0    7  10523  17258  552    6  552 163.61 
14:02:51  29.2   0.0   0.3  70.5   0.0    2  10309  16704  532    6  537 162.63 
14:02:52  27.1   0.0   0.3  72.6   0.0    7   9814  16054  529    8  524 153.84 
14:02:53  29.4   0.0   0.3  70.2   0.1    8   9715  16595  562    6  562 162.72 
14:02:54  29.3   0.0   0.4  70.3   0.0    7   9749  16552  547    6  547 160.17 
14:02:55  29.0   0.0   0.5  70.5   0.0    7   9571  16939  527    6  527 159.91 
14:02:56  26.7   0.0   0.5  72.8   0.0    7   9664  16643  509    8  509 148.53 
14:02:57  29.3   0.0   0.4  70.3   0.0    7  10082  16625  562    6  562 161.42 
14:02:58  27.3   0.0   0.4  72.3   0.1    2   9529  16853  499    8  504 154.32 
14:02:59  29.0   0.0   0.5  70.5   0.0    7  10071  16441  567    6  562 158.43 
14:03:00  29.2   0.0   0.3  70.5   0.0    7  10613  16832  557    6  557 162.11 
  Time    User  Nice   Sys  Idle    IO  Run Ctxt/s  IRQ/s Fork Exec Exit  Watts
14:03:01  29.4   0.0   0.4  70.2   0.0    7  10368  16314  547    6  547 162.63 
14:03:02  29.2   0.0   0.3  70.5   0.0    7  10071  16144  537    6  537 161.89 
14:03:03  29.1   0.0   0.3  70.4   0.1    2   9633  16139  519    8  524 162.68 
14:03:04  27.3   0.0   0.4  72.3   0.0    7  10003  16336  532    6  527 155.18 
14:03:05  29.3   0.0   0.3  70.4   0.0    7   9945  16203  564    6  567 164.35 
14:03:06  29.2   0.0   0.4  70.4   0.0    7  10327  16536  545    6  542 162.06 
14:03:07  29.2   0.0   0.3  70.5   0.0    7   9634  15954  537    6  537 163.61 
14:03:08  27.1   0.0   0.3  72.6   0.0    7   9533  16307  499    8  499 150.12 
14:03:09  29.2   0.0   0.4  70.3   0.2    7  10103  16786  557    6  557 161.11 
14:03:10  27.3   0.0   0.3  72.3   0.0    7  10237  16424  513    7  509 154.48 
14:03:11  29.4   0.0   0.2  70.4   0.0    7  10038  16940  561    1  565 158.59 
14:03:12  29.2   0.0   0.3  70.5   0.0    7   9681  17155  557    6  557 159.01 
14:03:13  29.3   0.0   0.3  70.4   0.0    7  10275  17226  537    6  537 160.25 
14:03:14  27.4   0.0   0.3  72.3   0.0    7  10541  16934  495    8  494 154.92 
14:03:15  29.0   0.0   0.4  70.5   0.2    7  10084  17218  571    6  572 158.74 
14:03:16  29.4   0.0   0.3  70.3   0.0    7   9903  16859  558    6  557 161.25 
14:03:17  29.2   0.0   0.4  70.4   0.0    7  10580  16931  542    6  542 162.29 
14:03:18  27.0   0.0   0.3  72.7   0.0    7  10290  16216  489    8  489 153.05 
14:03:19  29.0   0.0   0.6  70.5   0.0    7   9833  17250  572    6  572 161.73 
14:03:20  29.2   0.0   0.4  70.2   0.1    7   9993  17410  552    6  552 162.63 
14:03:21  29.0   0.0   0.4  70.6   0.0    7  10698  17364  542    6  542 161.14 
14:03:22  26.7   0.0   0.5  72.8   0.0    7  10290  16405  509    8  509 151.88 
14:03:23  29.1   0.0   0.3  70.6   0.0    7   9920  16428  567    6  567 164.86 
  Time    User  Nice   Sys  Idle    IO  Run Ctxt/s  IRQ/s Fork Exec Exit  Watts
14:03:24  27.0   0.0   0.4  72.6   0.0    7   9955  15815  509    8  509 149.87 
14:03:25  29.2   0.0   0.4  70.4   0.0    7  10451  16630  567    6  567 161.92 
14:03:26  29.1   0.0   0.4  70.4   0.1    7   9883  16879  557    6  557 161.82 
14:03:27  29.3   0.0   0.3  70.4   0.0    7  10374  16928  537    6  537 162.12 
14:03:28  26.4   0.0   0.4  73.2   0.0    8  10070  16506  509    8  509 150.57 
14:03:29  29.0   0.0   0.4  70.6   0.0    7  10149  16446  557    6  557 158.76 
14:03:30  29.3   0.0   0.4  70.3   0.0    7  10214  16313  547    6  547 160.18 
14:03:31  27.2   0.0   0.3  72.5   0.0    7  10432  16498  504    8  504 153.61 
14:03:32  29.3   0.0   0.3  70.3   0.1    7   9879  16889  567    6  567 160.08 
14:03:33  29.1   0.0   0.5  70.4   0.0    7  10142  17109  552    6  552 160.77 
14:03:34  29.3   0.0   0.3  70.3   0.0    7   9817  16664  542    6  542 160.50 
14:03:35  28.9   0.0   0.5  70.6   0.0    7  10113  16480  532    6  532 163.03 
14:03:36  29.0   0.0   0.5  70.5   0.0    7   9771  15647  517    6  517 161.02 
14:03:37  29.1   0.0   0.4  70.4   0.2    9  10258  15812  507    6  507 164.07 
14:03:38  27.3   0.0   0.4  72.3   0.0    7   9783  15517  484    8  484 151.30 
14:03:39  29.3   0.0   0.4  70.3   0.0    7   9741  16411  562    6  562 161.40 
14:03:40  29.3   0.0   0.3  70.4   0.0    7  10486  17278  552    6  552 161.44 
14:03:41  26.8   0.0   0.4  72.8   0.0    7  10027  16043  519    8  519 150.80 
14:03:42  29.3   0.0   0.3  70.3   0.0    7  10002  16507  562    6  562 162.02 
14:03:43  29.4   0.0   0.2  70.0   0.4    7   9712  16707  544    6  547 159.86 
14:03:44  27.3   0.0   0.4  72.4   0.0    7   9725  15732  518    8  519 152.80 
14:03:45  29.2   0.0   0.4  70.5   0.0    7   9365  16134  561    6  557 159.48 
14:03:46  29.1   0.0   0.4  70.6   0.0    7   9917  15810  547    6  547 161.42 
  Time    User  Nice   Sys  Idle    IO  Run Ctxt/s  IRQ/s Fork Exec Exit  Watts
14:03:47  27.2   0.0   0.5  72.4   0.0    7   9450  15683  529    8  529 152.39 
14:03:48  29.3   0.0   0.4  70.3   0.0    2   9780  16484  557    6  558 162.57 
14:03:49  29.2   0.0   0.3  69.7   0.8    7  10100  16382  547    6  546 161.91 
14:03:50  27.1   0.0   0.4  72.6   0.0    7   9271  15702  519    8  519 151.96 
14:03:51  29.2   0.0   0.4  70.3   0.0    7  10331  17636  557    6  557 160.93 
14:03:52  29.2   0.0   0.4  70.4   0.0    7  10381  17105  542    6  542 161.82 
14:03:53  26.7   0.0   0.5  72.8   0.0    7   9907  16198  514    8  514 151.37 
14:03:54  29.1   0.0   0.5  70.4   0.0    7   9874  16608  557    6  557 158.75 
14:03:55  29.3   0.0   0.3  70.3   0.1    7  10081  16223  542    6  542 161.50 
14:03:56  29.1   0.0   0.4  70.5   0.0    7  10003  16398  537    6  537 162.17 
14:03:57  27.1   0.0   0.4  72.6   0.0    7   9938  15644  499    8  499 152.28 
14:03:58  29.1   0.0   0.5  70.5   0.0    2   9971  17183  557    6  558 158.37 
14:03:59  29.1   0.0   0.4  70.6   0.0    7   9716  16825  552    6  551 160.02 
14:04:00  29.2   0.0   0.4  70.4   0.0    7   9581  16364  542    6  542 161.87 
14:04:01  28.6   0.0   0.3  69.7   1.4    2  10519  17010  514    8  519 158.43 
14:04:02  27.8   0.0   0.5  71.8   0.0    7   9847  16516  542    6  537 154.46 
14:04:03  29.3   0.0   0.4  70.2   0.0    8   9993  16953  562    6  562 162.45 
14:04:04  29.2   0.0   0.4  70.5   0.0    7  10423  16454  547    6  547 163.24 
14:04:05  26.8   0.0   0.3  72.9   0.0    7   9311  15903  509    8  509 149.63 
14:04:06  28.9   0.0   0.5  70.6   0.0    7  10294  16529  567    6  567 163.04 
14:04:07  29.2   0.0   0.5  70.2   0.1    8  10497  15962  557    6  557 165.07 
14:04:08  29.2   0.0   0.3  70.5   0.0    7  10329  16038  542    6  542 165.46 
14:04:09  29.3   0.0   0.2  70.5   0.0    7   9762  15697  527    6  527 163.38 
  Time    User  Nice   Sys  Idle    IO  Run Ctxt/s  IRQ/s Fork Exec Exit  Watts
14:04:10  27.0   0.0   0.4  72.6   0.0    7   9937  15728  529    8  529 152.94 
14:04:11  29.5   0.0   0.3  70.2   0.0    7  10410  16776  557    6  557 161.67 
14:04:12  29.3   0.0   0.3  70.5   0.0    7  10119  16301  547    6  547 161.74 
14:04:13  27.0   0.0   0.5  72.5   0.1    7  10096  16756  519    8  519 155.43 
14:04:14  29.4   0.0   0.3  70.3   0.0    7  10036  16321  562    6  562 162.43 
14:04:15  26.9   0.0   0.5  72.6   0.0    7  10215  16242  504    8  504 151.12 
14:04:16  29.3   0.0   0.3  70.3   0.0    8   9815  15474  575    6  577 163.05 
14:04:17  29.2   0.0   0.5  70.4   0.0    2   9966  16364  554    6  553 162.52 
14:04:18  29.0   0.0   0.5  70.6   0.0    7  10432  15992  547    6  546 163.01 
14:04:19  27.2   0.0   0.3  72.4   0.1    7   9579  15891  509    8  509 150.84 
14:04:20  29.4   0.0   0.3  70.3   0.0    7   9917  15562  567    6  567 162.62 
14:04:21  29.2   0.0   0.4  70.4   0.0    7  10621  16624  547    6  547 163.31 
14:04:22  26.9   0.0   0.5  72.6   0.0    7  10004  15993  494    8  494 153.49 
14:04:23  29.2   0.0   0.3  70.5   0.0    9  10363  16304  567    6  567 162.32 
14:04:24  29.2   0.0   0.4  69.0   1.5    8  10125  16208  562    6  562 161.37 
14:04:25  27.1   0.0   0.3  72.6   0.0    7   9553  15408  499    8  499 150.36 
14:04:26  29.0   0.0   0.5  70.6   0.0    7  10056  16528  567    6  567 160.58 
14:04:27  29.3   0.0   0.3  70.3   0.0    7  10316  16395  566    6  567 165.31 
14:04:28  27.1   0.0   0.4  72.5   0.0    7  10122  16368  515    8  514 153.11 
14:04:29  29.3   0.0   0.4  70.3   0.0    7  10100  17061  562    6  562 162.86 
14:04:30  26.6   0.0   0.5  72.8   0.2    7  10353  16445  504    8  504 151.01 
14:04:31  29.4   0.0   0.3  70.3   0.0    7  10400  16907  577    6  577 165.47 
14:04:32  29.6   0.0   0.2  70.1   0.0    9  10239  16236  557    6  557 162.69 
  Time    User  Nice   Sys  Idle    IO  Run Ctxt/s  IRQ/s Fork Exec Exit  Watts
14:04:33  29.1   0.0   0.4  70.5   0.0    7   9780  16834  542    6  542 159.88 
14:04:34  29.2   0.0   0.4  70.5   0.0    7   9384  15965  532    6  532 160.21 
14:04:35  27.2   0.0   0.3  72.5   0.1    7   9742  15267  494    8  494 153.28 
14:04:36  29.5   0.0   0.2  70.2   0.0    7   9611  15504  567    6  567 161.64 
14:04:37  27.1   0.0   0.4  72.5   0.0    8   9993  15914  509    8  509 151.51 
14:04:38  29.2   0.0   0.3  70.5   0.0    8  10111  16579  567    6  567 161.35 
14:04:39  29.3   0.0   0.4  70.3   0.0    7  10262  16537  562    6  562 164.24 
14:04:40  29.2   0.0   0.3  70.5   0.0    8   9773  16339  537    6  537 161.77 
14:04:41  27.1   0.0   0.4  72.5   0.1    7  10161  15994  504    8  504 151.88 
14:04:42  29.3   0.0   0.3  70.3   0.0    7  10335  16667  562    6  562 159.49 
14:04:43  29.3   0.0   0.3  70.3   0.0    7   9994  15916  557    6  557 164.56 
14:04:44  29.3   0.0   0.3  70.4   0.0    2   9826  16550  537    6  542 160.31 
14:04:45  27.1   0.0   0.4  72.5   0.0    8  10191  16581  519    8  514 152.86 
14:04:46  29.0   0.0   0.5  70.4   0.1    7   9758  16510  557    6  557 159.83 
14:04:47  27.3   0.0   0.3  72.4   0.0    7   9462  15772  519    8  519 151.41 
14:04:48  29.3   0.0   0.4  70.3   0.0    7  10001  15871  567    6  567 161.39 
14:04:49  29.2   0.0   0.4  70.4   0.0    7   9705  16384  552    6  552 161.27 
14:04:50  26.7   0.0   0.5  72.8   0.0    7  10152  16556  489    8  489 151.57 
14:04:51  29.1   0.0   0.6  70.4   0.0    7  10063  16731  567    6  567 161.61 
14:04:52  29.2   0.0   0.3  70.4   0.1    7   9384  16592  557    6  557 159.31 
14:04:53  29.2   0.0   0.4  70.4   0.0    7  10752  16896  547    6  547 166.36 
14:04:54  29.2   0.0   0.3  70.5   0.0    7  10945  16779  539    6  542 165.55 
14:04:55  27.1   0.0   0.3  72.6   0.0    2   9949  16157  497    8  499 151.47 
  Time    User  Nice   Sys  Idle    IO  Run Ctxt/s  IRQ/s Fork Exec Exit  Watts
14:04:56  29.3   0.0   0.4  70.3   0.0    7   9916  16050  570    6  567 163.66 
14:04:57  29.2   0.0   0.3  70.5   0.0    7   9735  16014  549    6  547 160.80 
14:04:58  29.1   0.0   0.4  70.3   0.2    7  10450  16559  537    6  537 162.12 
14:04:59  29.3   0.0   0.4  70.3   0.0    7   9791  15689  527    6  527 162.12 
14:05:00  26.5   0.0   0.5  73.1   0.0    7   9579  15903  504    8  504 150.27 
14:05:01  29.3   0.0   0.4  70.3   0.0    7   9440  16428  565    8  565 160.72 
14:05:02  29.3   0.0   0.3  70.4   0.0    7  10768  17644  552    6  552 162.89 
14:05:03  29.2   0.0   0.3  70.5   0.0    7   9378  16764  537    6  537 159.21 
14:05:04  26.8   0.0   0.5  72.6   0.1    7  10149  16567  499    8  499 151.01 
14:05:05  29.5   0.0   0.3  70.1   0.0    7   9804  16749  562    6  562 160.14 
14:05:06  27.1   0.0   0.3  72.6   0.0    2  10282  16389  499    8  499 149.79 
14:05:07  28.9   0.0   0.4  70.0   0.7    8  10437  16923  574    6  572 160.74 
14:05:08  29.1   0.0   0.5  70.0   0.3    7   9867  16046  557    6  559 162.63 
14:05:09  26.9   0.0   0.4  72.5   0.2    7  10043  16357  510    8  514 152.80 
14:05:10  29.5   0.0   0.3  70.2   0.0    7  10053  16705  566    6  562 159.96 
14:05:11  29.4   0.0   0.3  70.3   0.0    7  11164  16956  552    6  554 160.45 
14:05:12  29.1   0.0   0.4  70.6   0.0    7  10142  16217  538    6  542 163.07 
14:05:13  29.3   0.0   0.2  70.5   0.0    9  10374  16455  531    6  527 163.68 
14:05:14  27.0   0.0   0.4  72.4   0.1    7  10341  16026  504    8  504 154.34 
14:05:15  29.1   0.0   0.4  70.5   0.0    8  10328  17011  562    6  562 160.82 
14:05:16  29.1   0.0   0.3  70.6   0.0    7  10149  16880  552    6  552 161.32 
14:05:17  29.3   0.0   0.3  70.5   0.0    7   9780  15774  543    6  542 161.44 
14:05:18  27.0   0.0   0.3  72.7   0.0    8  10526  16222  504    8  504 151.92 
  Time    User  Nice   Sys  Idle    IO  Run Ctxt/s  IRQ/s Fork Exec Exit  Watts
14:05:19  29.1   0.0   0.5  70.4   0.0    8  10217  16230  567    6  567 164.28 
14:05:20  29.3   0.0   0.4  70.2   0.0    7  10425  16967  557    6  557 166.56 
14:05:21  27.0   0.0   0.4  72.6   0.0    7  10138  15756  499    8  499 156.16 
14:05:22  29.0   0.0   0.4  70.6   0.0    8   9966  16870  572    6  572 162.62 
14:05:23  29.4   0.0   0.4  70.2   0.0    7  10449  16787  562    6  562 162.44 
14:05:24  29.3   0.0   0.4  70.3   0.0    7  10096  16029  547    6  547 162.55 
14:05:25  26.8   0.0   0.4  72.9   0.0    7   9628  15535  499    8  499 149.82 
14:05:26  29.5   0.0   0.3  69.9   0.2    8  10123  16667  572    6  572 161.07 
14:05:27  29.3   0.0   0.3  70.4   0.0    7   9788  16929  552    6  552 159.57 
14:05:28  26.9   0.0   0.5  72.6   0.0    8  10053  16475  499    8  500 152.04 
14:05:29  28.8   0.0   0.4  70.9   0.0    7  10491  17160  572    6  572 159.73 
14:05:30  29.4   0.0   0.3  70.3   0.0    7  10130  16155  557    6  557 161.04 
14:05:31  29.2   0.0   0.2  70.6   0.0    8  10537  15965  537    6  537 163.62 
14:05:32  27.4   0.0   0.3  72.2   0.1    7  10142  15749  529    8  529 153.71 
14:05:33  29.3   0.0   0.4  70.3   0.0    7   9398  15752  567    6  567 162.63 
14:05:34  29.3   0.0   0.4  70.0   0.3    7   9848  16608  543    6  542 161.28 
14:05:35  27.2   0.0   0.5  72.3   0.0    8  10054  16396  524    8  524 153.72 
14:05:36  29.2   0.0   0.3  70.4   0.0   10   9945  16779  562    6  562 162.52 
14:05:37  27.4   0.0   0.3  71.5   0.8    7   9992  15715  509    8  509 155.16 
14:05:38  29.1   0.0   0.4  69.7   0.9    7  10153  16156  569    6  572 159.65 
14:05:39  29.3   0.0   0.3  70.4   0.0    7  10059  16520  560    6  557 161.78 
14:05:40  27.5   0.0   0.3  72.2   0.0    2   9793  15902  509    8  514 154.27 
14:05:41  29.0   0.0   0.4  70.7   0.0    7  10120  17192  571    6  567 160.77 
  Time    User  Nice   Sys  Idle    IO  Run Ctxt/s  IRQ/s Fork Exec Exit  Watts
14:05:42  29.2   0.0   0.5  70.2   0.2    7  10111  17059  554    6  552 161.88 
14:05:43  29.2   0.0   0.3  70.5   0.0    7  10229  16526  542    6  542 160.21 
14:05:44  27.0   0.0   0.4  72.7   0.0    7  10008  16856  509    8  509 149.87 
14:05:45  29.6   0.0   0.2  70.2   0.0    7  10639  17664  567    6  567 161.01 
14:05:46  29.3   0.0   0.3  70.5   0.0    7  10422  17206  552    6  552 161.00 
14:05:47  27.0   0.0   0.4  72.6   0.0    7  10346  17117  514    8  514 151.72 
14:05:48  29.2   0.0   0.4  70.4   0.1    7  10106  16665  567    6  567 160.16 
14:05:49  29.2   0.0   0.4  70.4   0.0    7  10203  17284  547    6  547 158.85 
14:05:50  29.3   0.0   0.3  70.4   0.0    8  10029  17110  537    6  538 159.10 
14:05:51  27.0   0.0   0.3  72.7   0.0    7   9734  16196  504    8  504 151.20 
14:05:52  29.0   0.0   0.4  70.6   0.0    7  10402  17328  562    6  562 161.66 
14:05:53  29.3   0.0   0.4  70.3   0.0    7   9665  16439  557    6  557 162.71 
14:05:54  27.2   0.0   0.4  72.3   0.1    7  10223  16687  504    8  504 152.14 
14:05:55  29.0   0.0   0.5  70.6   0.0    7  10191  17286  567    6  567 160.41 
14:05:56  29.2   0.0   0.4  70.4   0.0    7   9923  17310  557    6  557 161.86 
14:05:57  26.8   0.0   0.4  72.8   0.0    7   9948  16848  514    8  514 151.13 
14:05:58  29.3   0.0   0.4  70.3   0.0    7   9602  16675  562    6  562 158.83 
14:05:59  29.2   0.0   0.2  70.6   0.0    9  10559  16870  541    1  541 160.43 
14:06:00  27.2   0.0   0.4  72.4   0.1    8   9850  16196  518    7  518 149.96 
14:06:01  29.3   0.0   0.3  70.3   0.0    2   9774  16702  567    6  568 163.26 
14:06:02  29.4   0.0   0.2  70.4   0.0    7  10807  17379  551    6  551 160.55 
14:06:03  27.0   0.0   0.5  72.5   0.0    7  10085  16013  520    8  519 152.96 
14:06:04  29.2   0.0   0.4  70.3   0.0    7  10782  17279  567    6  567 161.08 
  Time    User  Nice   Sys  Idle    IO  Run Ctxt/s  IRQ/s Fork Exec Exit  Watts
14:06:05  29.2   0.0   0.2  70.1   0.5    7  10239  16844  542    6  542 160.21 
14:06:06  27.0   0.0   0.5  70.0   2.5    7   9923  16407  519    8  519 153.19 
14:06:07  29.2   0.0   0.4  70.4   0.0    7   9980  16525  562    6  562 160.84 
14:06:08  29.1   0.0   0.4  70.5   0.0    8  10637  16505  552    6  552 161.24 
14:06:09  29.2   0.0   0.3  70.5   0.0    8  10552  16806  537    6  537 160.04 
14:06:10  29.3   0.0   0.3  70.5   0.0    8  10161  16729  527    6  527 162.40 
14:06:11  29.2   0.0   0.3  70.4   0.1    8   9630  15944  517    6  517 161.98 
14:06:12  27.0   0.0   0.5  72.5   0.0    7   9923  16216  529    8  529 152.56 
14:06:13  29.3   0.0   0.3  70.5   0.0    7   9965  16560  562    6  562 159.89 
14:06:14  27.2   0.0   0.4  72.4   0.0    7   9493  16513  519    8  519 153.29 
14:06:15  29.2   0.0   0.4  70.4   0.0    7   9593  16428  562    6  562 158.44 
14:06:16  27.0   0.0   0.4  72.6   0.0    2   9952  16214  504    8  505 151.17 
14:06:17  28.8   0.0   0.3  69.4   1.5    7  10153  16614  572    6  571 158.44 
14:06:18  29.3   0.0   0.3  70.3   0.0    7  10132  16138  562    6  562 161.55 
14:06:19  26.9   0.0   0.4  72.8   0.0    7   9647  16029  519    8  519 150.47 
14:06:20  28.9   0.0   0.4  70.7   0.0    7  10373  17957  557    6  557 157.05 
14:06:21  29.1   0.0   0.4  70.5   0.0    7  10289  16824  547    6  547 160.57 
14:06:22  29.3   0.0   0.4  70.2   0.1    7  10031  16366  542    6  542 162.26 
14:06:23  27.1   0.0   0.3  72.6   0.0    7   9976  16578  520    8  519 150.56 
14:06:24  29.4   0.0   0.3  70.3   0.0    7  10192  17079  557    6  557 160.10 
14:06:25  29.1   0.0   0.4  70.5   0.0    7  10214  17072  552    6  552 161.85 
14:06:26  27.0   0.0   0.5  72.5   0.0    7   9831  16857  509    8  509 151.66 
14:06:27  29.4   0.0   0.3  70.3   0.0    2   9815  16352  567    6  567 161.00 
  Time    User  Nice   Sys  Idle    IO  Run Ctxt/s  IRQ/s Fork Exec Exit  Watts
14:06:28  29.5   0.0   0.3  70.1   0.0    7   9903  16288  557    6  557 161.53 
14:06:29  29.3   0.0   0.3  70.5   0.0    8   9942  16068  542    6  542 162.38 
14:06:30  29.2   0.0   0.3  70.5   0.0    7  10125  16239  532    6  532 162.30 
14:06:31  26.7   0.0   0.4  72.9   0.0    7   9688  16119  519    8  519 148.46 
14:06:32  29.0   0.0   0.4  70.6   0.0    7   9768  17558  553    6  552 159.23 
14:06:33  26.2   0.0   0.4  73.3   0.2    2   9965  16295  479    8  484 144.43 
14:06:34  29.2   0.0   0.2  70.4   0.2    7  10084  16835  577    6  572 160.55 
14:06:35  29.4   0.0   0.3  70.2   0.0    7  10537  16497  557    6  557 162.52 
14:06:36  26.8   0.0   0.4  72.9   0.0    7   9856  16008  499    8  499 150.19 
14:06:37  29.2   0.0   0.4  70.5   0.0    7   9431  15895  572    6  572 160.28 
14:06:38  29.2   0.0   0.5  70.3   0.0    7  10445  17340  562    6  562 162.70 
14:06:39  29.3   0.0   0.3  70.3   0.2    7  10734  17470  542    6  542 161.87 
14:06:40  28.8   0.0   0.4  70.8   0.0    2  10838  17184  529    8  534 160.99 
14:06:41  27.0   0.0   0.4  72.6   0.0    7   9478  15935  522    6  517 149.67 
14:06:42  29.2   0.0   0.3  70.5   0.0    7  10249  17100  557    6  557 160.23 
14:06:43  29.2   0.0   0.4  70.5   0.0    7  10185  17105  552    6  552 164.44 
14:06:44  27.4   0.0   0.3  72.2   0.0    7  10431  16806  519    8  519 152.46 
14:06:45  29.4   0.0   0.3  70.3   0.1    7  10644  17491  562    6  562 160.94 
14:06:46  29.4   0.0   0.3  70.3   0.0    7  10648  17264  547    6  547 160.51 
14:06:47  29.4   0.0   0.3  70.3   0.0    7  10504  17040  542    6  542 162.43 
14:06:48  29.3   0.0   0.4  70.3   0.0    7  10401  17070  532    6  532 162.72 
14:06:49  26.4   0.0   0.3  73.3   0.0    7   9518  17143  499    8  499 146.28 
14:06:50  29.1   0.0   0.5  70.5   0.0    7   9731  16729  562    6  562 157.90 
  Time    User  Nice   Sys  Idle    IO  Run Ctxt/s  IRQ/s Fork Exec Exit  Watts
14:06:51  29.1   0.0   0.4  67.8   2.8    7   9645  17162  542    6  542 156.93 
14:06:52  27.2   0.0   0.5  71.0   1.3    7  10445  17051  499    8  499 152.50 
14:06:53  29.2   0.0   0.4  70.3   0.0    7   9585  17221  567    6  567 158.40 
14:06:54  29.3   0.0   0.3  70.4   0.0    7  10526  17401  552    6  552 159.87 
14:06:55  27.0   0.0   0.4  72.6   0.0    7   9653  16278  514    8  514 151.30 
14:06:56  29.2   0.0   0.5  70.3   0.0    7   9959  17104  567    6  567 162.05 
14:06:57  29.3   0.0   0.3  70.3   0.1    7  10580  16626  552    6  557 160.29 
14:06:58  28.3   0.0   0.4  71.3   0.0    2  10699  16887  529    8  529 160.43 
14:06:59  27.4   0.0   0.5  72.1   0.0    7   9328  15877  532    6  527 151.09 
14:07:00  29.2   0.0   0.3  70.5   0.0    8  10080  17177  552    6  552 159.69 
14:07:01  29.3   0.0   0.3  70.4   0.0    4   9693  16638  542    6  542 159.49 
14:07:02  26.8   0.0   0.5  72.7   0.0    7  10062  16419  509    8  509 149.26 
14:07:03  29.2   0.0   0.2  70.5   0.2    7   9825  17276  562    6  562 158.37 
14:07:04  29.2   0.0   0.4  70.4   0.0    9  10051  17247  547    6  547 156.46 
14:07:05  26.9   0.0   0.4  72.7   0.0    7  10408  16653  494    8  494 151.97 
14:07:06  28.9   0.0   0.5  70.6   0.0    7   9868  16809  567    6  567 158.97 
14:07:07  29.2   0.0   0.3  70.6   0.0    8  10203  17144  557    6  557 158.95 
14:07:08  27.2   0.0   0.4  72.5   0.0    8  10348  16557  504    8  504 150.65 
14:07:09  29.1   0.0   0.4  70.4   0.1    2   9766  16307  572    6  577 160.68 
14:07:10  29.2   0.0   0.3  70.5   0.0    7  10641  17526  557    6  552 160.68 
14:07:11  29.0   0.0   0.4  70.6   0.0    7  10263  16895  542    6  542 160.37 
14:07:12  27.1   0.0   0.4  72.5   0.0    7  10086  16452  509    8  509 150.05 
14:07:13  29.0   0.0   0.5  70.5   0.0    7   9642  16088  562    6  562 158.07 
  Time    User  Nice   Sys  Idle    IO  Run Ctxt/s  IRQ/s Fork Exec Exit  Watts
14:07:14  28.4   0.0   0.5  71.1   0.0    2  10562  17008  539    8  544 158.95 
14:07:15  27.9   0.0   0.3  71.7   0.1    7   9524  15929  552    6  547 157.67 
14:07:16  29.3   0.0   0.4  70.3   0.0    7  10091  16470  557    6  557 161.19 
14:07:17  29.3   0.0   0.3  70.4   0.0    3  10540  16773  547    6  551 160.96 
14:07:18  27.4   0.0   0.4  72.2   0.0    7  10264  16149  519    8  515 151.72 
14:07:19  29.0   0.0   0.6  70.5   0.0    7  10603  16944  563    6  567 161.41 
14:07:20  29.2   0.0   0.3  70.5   0.0    7  10519  16657  556    6  552 162.07 
14:07:21  29.4   0.0   0.2  70.3   0.1    7  10127  16336  537    6  537 161.50 
14:07:22  28.7   0.0   0.5  70.8   0.0    2   9597  16903  519    8  524 158.68 
14:07:23  27.3   0.0   0.4  72.3   0.0    8   9928  16452  527    6  522 150.18 
14:07:24  29.5   0.0   0.3  70.2   0.0    2  10283  17135  557    6  557 159.55 
14:07:25  27.3   0.0   0.3  72.3   0.0    7  10211  16612  529    8  529 152.90 
14:07:26  29.1   0.0   0.5  70.4   0.0    7  10228  16619  562    6  562 162.20 
14:07:27  29.1   0.0   0.3  69.6   1.0    8  10311  16631  552    6  552 162.74 
14:07:28  29.2   0.0   0.3  70.5   0.0    8  10455  16845  542    6  542 164.99 
14:07:29  27.1   0.0   0.4  72.5   0.0    2  10282  16626  519    8  520 153.85 
14:07:30  29.2   0.0   0.4  70.4   0.0    7   9599  15989  567    6  566 162.73 
14:07:31  29.2   0.0   0.4  70.4   0.0    7   9705  16255  552    6  552 160.46 
14:07:32  29.0   0.0   0.4  70.7   0.0    2  10463  17119  534    8  539 162.25 
14:07:33  27.1   0.0   0.4  72.5   0.1    7   9746  16837  527    6  522 151.99 
14:07:34  26.9   0.0   0.4  72.7   0.0    7   9514  15747  509    8  509 150.86 
14:07:35  29.3   0.0   0.3  70.3   0.0    7  10308  17458  577    6  577 162.96 
14:07:36  29.4   0.0   0.3  70.4   0.0    2  10746  16811  562    6  563 163.52 
  Time    User  Nice   Sys  Idle    IO  Run Ctxt/s  IRQ/s Fork Exec Exit  Watts
14:07:37  29.3   0.0   0.3  70.4   0.0    7  10874  16988  547    6  546 160.88 
14:07:38  27.2   0.0   0.3  72.5   0.0    7  10459  16421  509    8  509 153.94 
14:07:39  29.1   0.0   0.4  69.3   1.2    7  10245  17044  572    6  572 164.81 
14:07:40  29.1   0.0   0.4  70.6   0.0    7  10445  16796  557    6  557 163.58 
14:07:41  27.1   0.0   0.4  72.5   0.0    7   9445  16010  504    8  504 152.33 
14:07:42  29.0   0.0   0.5  70.5   0.0    8   9531  16152  572    6  572 159.61 
14:07:43  29.3   0.0   0.3  70.3   0.0    7  10100  16692  557    6  557 160.19 
14:07:44  29.1   0.0   0.4  70.5   0.0    7  10771  16307  542    6  542 161.72 
14:07:45  29.2   0.0   0.3  70.4   0.1    7  10371  16967  532    6  532 162.09 
14:07:46  29.0   0.0   0.5  70.5   0.0    7  10051  16511  517    6  517 160.13 
14:07:47  27.2   0.0   0.3  72.5   0.0    7  10381  16708  519    8  519 152.20 
14:07:48  29.2   0.0   0.4  70.4   0.0    7  10186  17282  562    6  562 162.52 
14:07:49  29.1   0.0   0.3  70.6   0.0    7  10409  16943  552    6  552 162.73 
14:07:50  26.9   0.0   0.4  72.7   0.0    7   9974  16096  504    8  504 151.58 
14:07:51  29.3   0.0   0.5  70.1   0.1    7   9974  16458  572    6  572 161.81 
14:07:52  29.2   0.0   0.3  70.6   0.0    7  10251  16285  557    6  557 160.19 
14:07:53  29.2   0.0   0.4  70.4   0.0    7   9519  16298  537    6  537 160.70 
14:07:54  26.8   0.0   0.4  72.8   0.0    7  10295  16577  519    8  519 151.26 
14:07:55  29.4   0.0   0.3  70.4   0.0    7   9985  16368  562    6  562 161.90 
14:07:56  29.0   0.0   0.5  70.6   0.0    8   9808  16277  547    6  547 159.01 
14:07:57  26.8   0.0   0.6  72.6   0.1    7   9448  16203  519    8  519 149.55 
14:07:58  29.4   0.0   0.2  70.3   0.0    7  10137  17087  567    6  567 162.06 
14:07:59  28.6   0.0   0.5  71.0   0.0    2  10660  16716  539    8  544 160.23 
  Time    User  Nice   Sys  Idle    IO  Run Ctxt/s  IRQ/s Fork Exec Exit  Watts
14:08:00  27.5   0.0   0.5  72.0   0.0    7   9684  15857  532    6  527 152.16 
14:08:01  29.3   0.0   0.3  70.5   0.0    6   9772  16863  562    6  567 160.57 
14:08:02  29.2   0.0   0.3  70.5   0.0    7  10616  16646  547    6  542 159.65 
14:08:03  29.4   0.0   0.3  70.2   0.1    8  10585  17324  532    6  532 163.39 
14:08:04  26.8   0.0   0.5  72.7   0.0    7   9688  16924  519    8  519 153.01 
14:08:05  29.2   0.0   0.4  70.4   0.0    7   9598  17005  562    6  562 160.91 
14:08:06  29.2   0.0   0.3  70.5   0.0    9  10005  17407  547    6  547 161.72 
14:08:07  29.2   0.0   0.4  70.4   0.0    7  10604  17053  542    6  542 163.12 
14:08:08  29.1   0.0   0.3  70.6   0.0    2   9693  16068  517    6  522 159.78 
14:08:09  29.1   0.0   0.3  70.3   0.3    7  10318  16384  517    6  512 160.77 
14:08:10  29.3   0.0   0.3  70.3   0.0    7   9501  16190  502    6  502 159.39 
14:08:11  26.9   0.0   0.4  72.7   0.0    7   9096  16013  474    8  474 149.78 
14:08:12  29.2   0.0   0.3  70.5   0.0    7  10021  16567  567    6  567 162.57 
14:08:13  29.2   0.0   0.4  70.4   0.0    7  10193  16932  557    6  557 161.93 
14:08:14  29.1   0.0   0.4  70.4   0.2    7  10568  16703  537    6  537 162.37 
14:08:15  26.8   0.0   0.4  72.9   0.0    7  10103  16624  514    8  514 148.66 
14:08:16  29.4   0.0   0.2  70.4   0.0    7  10253  17118  562    6  562 161.59 
14:08:17  29.1   0.0   0.5  70.4   0.0    8  10249  16589  547    6  547 161.68 
14:08:18  28.3   0.0   0.3  71.4   0.0    3  10390  16946  514    8  519 158.47 
14:08:19  28.2   0.0   0.2  71.5   0.0    7  10089  16338  547    6  542 156.66 
14:08:20  29.4   0.0   0.2  70.2   0.1    8  10565  16819  567    6  567 164.57 
14:08:21  29.2   0.0   0.3  70.5   0.0    7  10226  16545  542    6  542 161.80 
14:08:22  27.1   0.0   0.5  72.4   0.0    7   9571  15970  519    8  519 149.93 
  Time    User  Nice   Sys  Idle    IO  Run Ctxt/s  IRQ/s Fork Exec Exit  Watts
14:08:23  29.2   0.0   0.4  70.5   0.0    7  10655  17219  562    6  562 163.55 
14:08:24  29.3   0.0   0.4  70.3   0.0    7  10299  16868  552    6  552 161.64 
14:08:25  29.2   0.0   0.4  70.3   0.1    7  10616  17284  537    6  537 159.74 
14:08:26  26.9   0.0   0.3  72.8   0.0    8   9566  15935  514    8  514 146.62 
14:08:27  27.4   0.0   0.3  72.3   0.0    7   9765  15807  519    8  519 150.00 
14:08:28  29.3   0.0   0.3  70.3   0.0    7  10694  17315  569    6  572 164.19 
14:08:29  29.3   0.0   0.3  70.4   0.0    7  10755  16712  560    6  557 162.76 
14:08:30  29.3   0.0   0.3  70.4   0.0    7  10944  16504  542    6  542 161.23 
14:08:31  27.1   0.0   0.4  72.4   0.1    7  10147  16564  513    8  514 151.85 
14:08:32  29.0   0.0   0.4  70.7   0.0    7   9972  16502  563    6  562 163.11 
14:08:33  29.2   0.0   0.3  70.5   0.0    7  10461  17052  547    6  547 159.49 
14:08:34  26.9   0.0   0.3  72.7   0.0    8   9382  15932  514    8  514 147.38 
14:08:35  29.1   0.0   0.4  70.5   0.0    7  10179  17629  562    6  562 159.80 
14:08:36  29.4   0.0   0.3  70.2   0.2    7  10679  16672  547    6  547 161.64 
14:08:37  27.1   0.0   0.4  69.8   2.7   10  10197  16780  509    8  509 153.67 
14:08:38  28.9   0.0   0.4  70.7   0.0    7  10301  17242  567    6  567 161.97 
14:08:39  29.3   0.0   0.4  70.4   0.0    7  10020  16812  559    6  562 165.66 
14:08:40  27.0   0.0   0.7  72.3   0.0    7  10151  16385  517    8  514 154.83 
14:08:41  29.1   0.0   0.4  70.5   0.0    7   9567  16462  567    6  567 159.94 
14:08:42  29.4   0.0   0.2  70.1   0.3    8  10193  16475  557    6  557 162.74 
14:08:43  29.0   0.0   0.4  70.6   0.0    8  10366  16491  537    6  537 161.22 
14:08:44  27.4   0.0   0.5  72.2   0.0    2  10308  15718  489    8  494 152.22 
14:08:45  28.7   0.0   0.5  70.8   0.0    7  10120  16345  572    6  567 156.18 
  Time    User  Nice   Sys  Idle    IO  Run Ctxt/s  IRQ/s Fork Exec Exit  Watts
14:08:46  29.0   0.0   0.4  70.6   0.0   11  10004  16787  550    1  547 158.73 
14:08:47  29.1   0.0   0.3  70.6   0.0    7   9737  16270  542    5  545 158.03 
14:08:48  27.1   0.0   0.4  72.5   0.1    7  10040  16152  519    8  519 150.99 
14:08:49  29.6   0.0   0.2  70.1   0.0    7   9941  16434  567    6  567 161.19 
14:08:50  29.1   0.0   0.4  70.6   0.0    8  10466  16437  547    6  547 159.76 
14:08:51  27.1   0.0   0.4  72.6   0.0    7   9636  15581  504    8  504 153.94 
14:08:52  29.4   0.0   0.3  70.3   0.0    7   9768  16352  567    6  567 158.99 
14:08:53  29.4   0.0   0.2  70.2   0.1    7  10166  17318  557    6  557 160.65 
14:08:54  27.2   0.0   0.3  72.5   0.0    7   9927  17184  519    8  519 151.08 
14:08:55  29.2   0.0   0.4  70.4   0.0    7  10369  17202  562    6  562 161.39 
14:08:56  26.9   0.0   0.4  72.7   0.0    7   9915  16370  509    8  509 149.57 
14:08:57  29.2   0.0   0.3  70.6   0.0    7  10220  17022  562    6  562 159.35 
14:08:58  29.3   0.0   0.4  70.4   0.0    7  10266  16828  557    6  557 160.89 
14:08:59  29.2   0.0   0.3  70.3   0.1    7  10800  17628  547    6  547 162.36 
14:09:00  27.0   0.0   0.3  72.7   0.0    7  10050  16769  524    8  524 150.29 
14:09:01  29.1   0.0   0.4  70.5   0.0    7  10359  17069  562    6  562 160.58 
14:09:02  26.7   0.0   0.4  72.9   0.0    7  10459  16612  494    8  494 148.59 
14:09:03  29.1   0.0   0.3  70.6   0.0    7  10208  16935  569    6  572 158.17 
14:09:04  27.0   0.0   0.4  72.6   0.0    7   9966  16646  522    8  519 149.82 
14:09:05  28.9   0.0   0.5  70.4   0.2    8   9765  16987  562    6  562 160.38 
14:09:06  29.2   0.0   0.3  70.4   0.0    7  10026  16056  552    6  552 163.91 
14:09:07  29.3   0.0   0.3  70.4   0.0    7  10800  16909  542    6  542 164.33 
14:09:08  28.7   0.0   0.4  70.9   0.0    2  10725  16630  524    8  529 162.53 
  Time    User  Nice   Sys  Idle    IO  Run Ctxt/s  IRQ/s Fork Exec Exit  Watts
14:09:09  27.3   0.0   0.3  72.4   0.0    7   9907  17184  532    6  527 151.29 
14:09:10  29.2   0.0   0.3  70.6   0.0    7  10105  16413  563    6  562 163.67 
14:09:11  29.1   0.0   0.4  69.1   1.5    8  10377  16254  552    6  552 163.85 
14:09:12  27.1   0.0   0.4  72.5   0.0    7  10529  16310  514    8  514 155.36 
14:09:13  29.1   0.0   0.4  70.5   0.0    7  10137  17123  562    6  562 160.73 
14:09:14  29.3   0.0   0.3  70.4   0.0    7  10185  16075  557    6  557 160.61 
14:09:15  29.2   0.0   0.3  70.5   0.0    8  10579  16953  542    6  542 161.93 
14:09:16  27.3   0.0   0.3  72.4   0.0    7  10530  16551  529    8  529 154.76 
14:09:17  29.0   0.0   0.4  70.6   0.1    7  10310  16824  562    6  562 161.48 
14:09:18  27.1   0.0   0.5  72.4   0.0    7  10163  16006  519    8  519 151.82 
14:09:19  29.1   0.0   0.5  70.5   0.0    7  10704  17407  567    6  567 160.44 
14:09:20  29.2   0.0   0.4  70.4   0.0    7  10351  16244  552    6  552 162.69 
14:09:21  27.1   0.0   0.5  72.4   0.0    8   9854  16192  514    8  514 154.28 
14:09:22  29.2   0.0   0.4  70.5   0.0    6   9605  16908  562    6  562 159.86 
14:09:23  29.4   0.0   0.3  70.1   0.1    7  10273  17167  562    6  562 163.55 
14:09:24  26.9   0.0   0.5  72.6   0.0    7  10191  16637  519    8  519 153.77 
14:09:25  29.0   0.0   0.4  70.7   0.0    8  10100  16850  562    6  562 159.23 
14:09:26  29.2   0.0   0.4  70.4   0.0    7  10301  16862  552    6  552 163.63 
14:09:27  29.3   0.0   0.3  70.4   0.0    8  10455  16816  542    6  542 163.12 
14:09:28  27.1   0.0   0.4  72.5   0.0    7  10415  16912  524    8  524 155.22 
14:09:29  29.2   0.0   0.3  70.4   0.1    7  10231  16626  567    6  567 163.09 
14:09:30  29.1   0.0   0.3  70.6   0.0    9  10806  17145  542    6  542 158.52 
14:09:31  27.4   0.0   0.4  72.2   0.0    2  10471  16642  494    8  499 154.13 
  Time    User  Nice   Sys  Idle    IO  Run Ctxt/s  IRQ/s Fork Exec Exit  Watts
14:09:32  28.8   0.0   0.5  70.8   0.0    2  10389  16420  567    6  563 159.77 
14:09:33  29.1   0.0   0.4  70.5   0.0    7  10169  16594  562    6  561 163.59 
14:09:34  29.0   0.0   0.5  70.5   0.0    7  10422  16701  552    6  552 163.50 
14:09:35  29.1   0.0   0.5  70.4   0.1    7  10702  16737  537    6  537 163.85 
14:09:36  26.8   0.0   0.6  72.7   0.0    7   9805  16208  524    8  524 153.25 
14:09:37  29.3   0.0   0.3  70.4   0.0    7  10150  16512  560    6  562 159.74 
14:09:38  29.3   0.0   0.3  70.4   0.0    8  10556  16229  549    6  547 160.72 
14:09:39  27.0   0.0   0.4  72.6   0.0    7   9855  15851  494    8  494 152.58 
14:09:40  29.2   0.0   0.5  70.4   0.0    7   9962  16623  577    6  577 162.92 
14:09:41  28.9   0.0   0.4  70.7   0.1    7   9919  16766  557    6  557 164.61 
14:09:42  29.2   0.0   0.3  70.5   0.0    7  10470  16474  552    6  552 163.64 
14:09:43  29.0   0.0   0.4  70.6   0.0    7  10235  16066  532    6  532 161.62 
14:09:44  29.1   0.0   0.4  70.5   0.0    8   9803  15788  517    6  517 162.25 
14:09:45  27.0   0.0   0.4  72.6   0.0    7  10070  16209  499    8  499 152.28 
14:09:46  29.4   0.0   0.3  70.3   0.0    7  10259  17003  567    6  567 163.03 
14:09:47  29.3   0.0   0.3  70.1   0.3    7   9925  16252  557    6  557 163.24 
14:09:48  27.3   0.0   0.4  72.4   0.0    7   9940  16147  509    8  509 152.17 
14:09:49  29.1   0.0   0.4  70.5   0.0    7  10044  17022  564    6  567 160.10 
14:09:50  29.3   0.0   0.3  70.4   0.0    7   9753  16470  555    6  552 161.16 
14:09:51  29.1   0.0   0.5  70.5   0.0    7   9171  16209  537    6  537 161.01 
14:09:52  27.0   0.0   0.4  72.7   0.0    7  10146  16298  494    8  494 153.07 
14:09:53  29.3   0.0   0.4  70.1   0.1    7  10215  16357  572    6  572 161.03 
14:09:54  29.1   0.0   0.5  70.5   0.0    7  10320  16862  552    6  552 161.82 
  Time    User  Nice   Sys  Idle    IO  Run Ctxt/s  IRQ/s Fork Exec Exit  Watts
14:09:55  29.3   0.0   0.4  70.3   0.0    7  10463  16678  542    6  542 161.63 
14:09:56  28.0   0.0   0.3  71.7   0.0    2  10509  17639  499    8  504 155.07 
14:09:57  28.3   0.0   0.4  71.3   0.0    8   9935  17109  547    6  542 154.35 
14:09:58  29.3   0.0   0.3  70.4   0.0    7  10653  17326  557    6  557 160.45 
14:09:59  29.1   0.0   0.5  70.4   0.1    7   9612  16386  547    6  547 161.18 
14:10:00  29.1   0.0   0.3  70.6   0.0    7  10495  16584  532    6  532 161.90 
14:10:01  29.3   0.0   0.4  70.3   0.0    7  10446  16728  527    6  527 163.70 
14:10:02  29.1   0.0   0.4  70.6   0.0    7   9621  16242  512    6  512 161.49 
14:10:03  27.0   0.0   0.3  72.7   0.0    7   9626  15886  474    8  474 148.81 
14:10:04  29.0   0.0   0.4  70.6   0.0    7  10567  16752  567    6  567 161.39 
14:10:05  29.5   0.0   0.3  70.2   0.0    7  10129  16285  557    6  557 161.03 
14:10:06  27.0   0.0   0.3  72.7   0.0    7  10153  15946  509    8  509 153.35 
14:10:07  29.1   0.0   0.5  70.4   0.0    7  10219  17019  567    6  567 161.94 
14:10:08  29.3   0.0   0.3  70.4   0.0    7   9906  16622  552    6  552 160.40 
14:10:09  29.1   0.0   0.4  70.1   0.5    7  10202  16811  536    6  538 156.80 
14:10:10  29.3   0.0   0.3  70.4   0.0    7  10791  16397  529    6  527 162.56 
14:10:11  27.1   0.0   0.3  72.4   0.2    6  10061  15420  484    8  489 153.08 
14:10:12  29.2   0.0   0.4  70.4   0.0    7  10049  17439  567    6  562 159.86 
14:10:13  29.2   0.0   0.4  70.2   0.3    7  10221  16614  556    9  554 157.83 
14:10:14  29.3   0.0   0.3  70.4   0.0    7  10255  16371  547    6  547 161.35 
14:10:15  29.1   0.0   0.4  70.6   0.0    8  10303  16155  532    6  532 161.65 
14:10:16  27.2   0.0   0.5  72.3   0.0    8   9970  15811  519    8  519 150.51 
14:10:17  29.0   0.0   0.6  70.5   0.0    7  10059  16317  562    6  562 160.26 
  Time    User  Nice   Sys  Idle    IO  Run Ctxt/s  IRQ/s Fork Exec Exit  Watts
14:10:18  29.4   0.0   0.3  70.3   0.0    7   9996  15781  552    6  552 161.82 
14:10:19  19.0   0.0   0.3  80.5   0.3    1   7304  11139  348    7  354 106.36 
-------- ----- ----- ----- ----- ----- ---- ------ ------ ---- ---- ---- ------ 
 Average  28.5   0.0   0.4  71.0   0.1  6.8 10128.9 16474.5 539.6  6.5 539.5 158.54 
 GeoMean  28.4   0.0   0.4  71.0   0.0  6.5 10114.5 16441.2 536.7  6.4 534.8 158.23 
  StdDev   1.5   0.0   0.1   1.4   0.4  1.4  487.8  782.0 33.3  1.0 33.6   7.45 
-------- ----- ----- ----- ----- ----- ---- ------ ------ ---- ---- ---- ------ 
 Minimum   2.1   0.0   0.2  67.6   0.0  1.0 3932.0 3172.0 16.0  1.0  2.0  31.93 
 Maximum  29.6   0.0   1.1  92.9   4.4 11.0 11365.0 17957.0 582.0  9.0 582.0 168.71 
-------- ----- ----- ----- ----- ----- ---- ------ ------ ---- ---- ---- ------ 
Summary:
CPU: 158.54 Watts on average with standard deviation 7.45  
Note: power read from RAPL domains: uncore, pkg-0, core.
These readings do not cover all the hardware in this device.
