Running for 600.0 seconds (600 samples at 1.0 second intervals).
Power measurements will start in 0 seconds time.

  Time    User  Nice   Sys  Idle    IO  Run Ctxt/s  IRQ/s Fork Exec Exit  Watts
14:10:41  26.9   0.0   0.4  72.7   0.0    7  10561  15587  531    8  529 148.45 
14:10:42  29.2   0.0   0.3  70.5   0.0    8  10962  16372  567    6  567 155.30 
14:10:43  29.1   0.0   0.3  70.6   0.0    7  10426  15932  557    6  557 156.59 
14:10:44  27.2   0.0   0.3  72.5   0.0    8  10602  15665  520    8  519 146.17 
14:10:45  29.0   0.0   0.4  70.6   0.0    7  10407  16417  567    6  567 155.55 
14:10:46  29.1   0.0   0.3  70.3   0.2    7  10366  15821  552    6  552 154.89 
14:10:47  26.9   0.0   0.3  72.8   0.0    7  11093  16169  494    8  494 148.49 
14:10:48  28.8   0.0   0.4  70.8   0.0    7  10690  16589  572    6  572 153.94 
14:10:49  28.9   0.0   0.4  70.7   0.0    7  11080  16341  562    6  562 156.71 
14:10:50  29.1   0.0   0.3  70.6   0.0    8  10528  16198  547    6  547 157.53 
14:10:51  29.1   0.0   0.4  70.5   0.1    7  11173  16851  542    6  542 159.29 
14:10:52  28.9   0.0   0.4  70.8   0.0    7  11119  15978  527    6  527 160.13 
14:10:53  26.9   0.0   0.4  72.7   0.0    7  10527  15794  514    8  514 150.70 
14:10:54  29.0   0.0   0.3  70.7   0.0    7  10479  15658  572    6  572 158.79 
14:10:55  29.1   0.0   0.3  70.5   0.0    7  10768  15687  562    6  562 159.90 
14:10:56  28.8   0.0   0.5  70.7   0.0    8  10845  16062  542    6  542 159.56 
14:10:57  27.8   0.0   0.4  71.6   0.3    1  10845  15667  504    8  509 155.73 
14:10:58  28.1   0.0   0.4  71.5   0.0    7  10349  15750  552    6  547 151.69 
14:10:59  29.0   0.0   0.4  70.7   0.0    7  10570  16059  562    6  562 159.00 
14:11:00  29.0   0.0   0.3  70.7   0.0    7   9729  15631  547    6  547 158.50 
14:11:01  29.0   0.0   0.4  70.7   0.0    7  10620  16243  542    6  542 157.93 
14:11:02  29.0   0.0   0.3  70.8   0.0    7  10726  15812  527    6  527 159.23 
14:11:03  26.7   0.0   0.5  72.8   0.1    7  10246  15170  484    8  484 149.88 
  Time    User  Nice   Sys  Idle    IO  Run Ctxt/s  IRQ/s Fork Exec Exit  Watts
14:11:04  28.9   0.0   0.3  70.8   0.0    7  11025  16733  577    6  577 158.92 
14:11:05  28.8   0.0   0.3  70.9   0.0    7  10851  16480  562    6  562 158.76 
14:11:06  28.9   0.0   0.4  70.8   0.0    9  10938  16385  542    6  542 159.72 
14:11:07  26.9   0.0   0.5  72.7   0.0    7  10625  15831  517    8  514 150.48 
14:11:08  29.1   0.0   0.3  69.1   1.5    7  10808  16429  573    6  572 160.11 
14:11:09  28.9   0.0   0.4  70.8   0.0    8  11252  16617  562    6  562 162.30 
14:11:10  28.9   0.0   0.3  70.8   0.0    3  10722  15947  542    6  547 162.89 
14:11:11  29.1   0.0   0.3  70.7   0.0    7  10854  16028  537    6  532 162.49 
14:11:12  27.1   0.0   0.4  72.5   0.0    2  10774  16243  509    8  510 153.39 
14:11:13  28.8   0.0   0.4  70.8   0.0    7  10512  16169  577    6  576 161.01 
14:11:14  28.9   0.0   0.4  70.6   0.2    2  11316  16689  552    6  557 163.41 
14:11:15  26.8   0.0   0.5  72.7   0.0    7  10737  15671  529    8  524 152.33 
14:11:16  29.0   0.0   0.3  70.7   0.0    7  10519  16097  567    6  567 161.34 
14:11:17  27.0   0.0   0.4  72.6   0.0    7  10257  15682  518    8  519 153.06 
14:11:18  28.9   0.0   0.4  70.7   0.0    7  10781  16733  573    6  572 158.71 
14:11:19  28.8   0.0   0.5  70.7   0.0    7  10400  16562  557    6  557 158.40 
14:11:20  26.7   0.0   0.5  72.7   0.2    7  10891  16059  524    8  524 152.14 
14:11:21  29.1   0.0   0.3  70.6   0.0    7  10113  15899  567    6  567 159.56 
14:11:22  28.9   0.0   0.4  70.7   0.0    7  10825  16427  552    6  552 160.23 
14:11:23  26.7   0.0   0.5  72.9   0.0    7  10609  15857  519    8  519 151.00 
14:11:24  28.9   0.0   0.5  70.6   0.0    7  10661  16249  562    6  562 159.58 
14:11:25  29.1   0.0   0.3  67.9   2.7    7  10174  15982  557    6  557 160.97 
14:11:26  27.6   0.0   0.3  70.6   1.6    5  10297  15385  509    8  514 155.80 
  Time    User  Nice   Sys  Idle    IO  Run Ctxt/s  IRQ/s Fork Exec Exit  Watts
14:11:27  28.4   0.0   0.4  71.2   0.0    7  10038  16092  567    6  562 158.40 
14:11:28  28.9   0.0   0.4  70.8   0.0    7  10845  16637  562    6  562 161.34 
14:11:29  29.2   0.0   0.2  70.5   0.0    9  11260  16196  552    6  552 162.27 
14:11:30  26.8   0.0   0.4  72.8   0.0    7  10293  15519  499    8  499 150.90 
14:11:31  29.0   0.0   0.4  69.5   1.1    7  10864  16266  577    6  577 162.10 
14:11:32  28.9   0.0   0.4  70.7   0.0    7  11172  16361  567    6  567 164.32 
14:11:33  28.9   0.0   0.4  70.7   0.0    7  10415  15961  547    6  547 165.03 
14:11:34  29.0   0.0   0.3  70.7   0.0    7  11100  15721  547    6  547 164.29 
14:11:35  29.2   0.0   0.3  70.4   0.0    7  11348  16490  532    6  532 165.69 
14:11:36  28.9   0.0   0.3  70.8   0.0    7  10183  15710  512    6  512 162.80 
14:11:37  29.1   0.0   0.3  70.7   0.0    7   9943  15213  497    6  497 160.18 
14:11:38  26.5   0.0   0.3  73.2   0.0    7   9757  14773  459    8  459 148.96 
14:11:39  28.8   0.0   0.4  70.9   0.0    7  10630  16617  573    6  577 162.09 
14:11:40  29.1   0.0   0.3  70.6   0.0    7  10302  15968  561    6  557 160.75 
14:11:41  29.2   0.0   0.3  70.4   0.0    7  10553  16188  547    6  547 162.96 
14:11:42  29.2   0.0   0.3  70.5   0.0    8  10951  16560  532    6  532 162.55 
14:11:43  27.0   0.0   0.5  72.3   0.2    7  10270  16149  514    8  514 152.67 
14:11:44  29.3   0.0   0.3  70.4   0.0    7  10265  17140  562    6  562 160.52 
14:11:45  29.2   0.0   0.4  70.4   0.0    7  10008  16567  547    6  547 159.54 
14:11:46  29.2   0.0   0.4  70.4   0.0    7  10078  16451  537    6  537 160.31 
14:11:47  29.2   0.0   0.3  70.5   0.0    7  10065  16457  532    6  532 161.27 
14:11:48  27.0   0.0   0.5  72.4   0.2    8   9730  15058  491    8  489 152.93 
14:11:49  29.2   0.0   0.5  70.4   0.0    7  10433  16167  567    6  567 163.22 
  Time    User  Nice   Sys  Idle    IO  Run Ctxt/s  IRQ/s Fork Exec Exit  Watts
14:11:50  27.1   0.0   0.5  72.4   0.0    2  10198  15633  509    8  514 152.33 
14:11:51  29.3   0.0   0.4  70.3   0.0    7  10190  16518  574    6  572 160.17 
14:11:52  29.6   0.0   0.2  70.2   0.0    7   9990  15802  560    6  557 161.06 
14:11:53  29.2   0.0   0.3  70.5   0.0    7  10529  16053  542    6  542 160.18 
14:11:54  29.1   0.0   0.4  70.4   0.1    7  10373  16497  537    6  537 163.39 
14:11:55  29.3   0.0   0.3  70.3   0.0    7  10329  16096  522    6  522 160.38 
14:11:56  26.9   0.0   0.4  72.7   0.0    2   9855  15793  479    8  480 150.12 
14:11:57  29.3   0.0   0.3  70.3   0.0    7   9963  16317  567    6  566 158.00 
14:11:58  29.2   0.0   0.4  70.5   0.0    7  10039  16608  547    6  547 160.22 
14:11:59  29.4   0.0   0.3  69.0   1.4    7  10896  16750  537    6  537 161.34 
14:12:00  26.7   0.0   0.6  72.7   0.1    7   9986  15612  519    8  519 150.67 
14:12:01  29.5   0.0   0.3  70.2   0.0    7  10549  16308  562    6  562 161.89 
14:12:02  29.4   0.0   0.2  70.4   0.0    7  10487  16657  552    6  552 162.44 
14:12:03  27.3   0.0   0.4  72.3   0.0    7   9906  15693  519    8  519 153.37 
14:12:04  29.3   0.0   0.3  70.3   0.0    2   9748  15782  562    6  562 160.48 
14:12:05  29.5   0.0   0.3  67.9   2.2    8  10418  16543  547    6  547 158.74 
14:12:06  29.2   0.0   0.4  70.4   0.0    7  10795  16593  532    6  532 160.79 
14:12:07  26.7   0.0   0.4  73.0   0.0    7   9499  14996  484    8  484 148.33 
14:12:08  29.4   0.0   0.4  70.2   0.0    7  10646  16360  567    6  567 161.64 
14:12:09  29.3   0.0   0.3  70.4   0.0    7  10075  16287  547    6  547 160.35 
14:12:10  29.1   0.0   0.5  70.3   0.1    7  10425  16181  542    6  542 160.83 
14:12:11  29.3   0.0   0.2  70.5   0.0    7   9398  15940  527    6  527 159.92 
14:12:12  29.1   0.0   0.4  70.6   0.0    7  10626  16427  522    6  522 162.41 
  Time    User  Nice   Sys  Idle    IO  Run Ctxt/s  IRQ/s Fork Exec Exit  Watts
14:12:13  29.3   0.0   0.3  70.4   0.0    2   9431  15703  507    6  508 160.06 
14:12:14  27.0   0.0   0.5  72.6   0.0    7   9774  15745  524    8  523 150.96 
14:12:15  29.2   0.0   0.4  70.4   0.0    7   9984  16681  557    6  557 160.64 
14:12:16  27.1   0.0   0.5  72.3   0.1    7  10361  16452  504    8  504 152.10 
14:12:17  29.3   0.0   0.2  70.5   0.0    7   9672  15890  567    6  567 158.55 
14:12:18  29.3   0.0   0.3  70.3   0.0    7   9601  16000  557    6  557 159.88 
14:12:19  29.1   0.0   0.4  70.6   0.0    7  10368  16812  542    6  542 161.20 
14:12:20  26.8   0.0   0.4  72.8   0.0    7  10071  15929  499    8  499 149.70 
14:12:21  29.2   0.0   0.3  70.5   0.0    7  10077  17298  562    6  562 157.04 
14:12:22  29.4   0.0   0.3  70.3   0.1    7  10201  17422  551    6  552 159.44 
14:12:23  29.2   0.0   0.4  70.4   0.0    2  10571  17059  533    6  532 159.46 
14:12:24  27.3   0.0   0.2  72.5   0.0    7   9737  14950  494    8  494 153.71 
14:12:25  29.2   0.0   0.4  70.4   0.0    7  10453  16932  567    6  567 160.70 
14:12:26  29.4   0.0   0.3  70.4   0.0    7  10024  16207  562    6  562 161.05 
14:12:27  27.0   0.0   0.5  71.7   0.9    7  10289  15916  515    8  514 152.01 
14:12:28  29.4   0.0   0.4  68.8   1.4    8  10434  16500  562    6  562 161.31 
14:12:29  27.1   0.0   0.4  72.5   0.0    7  10080  15716  519    8  519 151.82 
14:12:30  29.0   0.0   0.5  70.5   0.0    7   9919  16047  557    6  557 158.77 
14:12:31  29.3   0.0   0.3  70.4   0.0    9  10180  16483  547    6  552 160.72 
14:12:32  29.3   0.0   0.3  70.4   0.0    7  10937  16848  542    6  537 162.92 
14:12:33  26.6   0.0   0.4  72.8   0.2    8   9805  15503  509    8  509 149.00 
14:12:34  29.2   0.0   0.3  70.6   0.0    8  10277  16079  562    6  562 160.42 
14:12:35  29.2   0.0   0.3  70.5   0.0    7  10305  16075  547    6  547 157.40 
  Time    User  Nice   Sys  Idle    IO  Run Ctxt/s  IRQ/s Fork Exec Exit  Watts
14:12:36  27.0   0.0   0.4  72.6   0.0    7   9809  15333  499    8  499 153.15 
14:12:37  29.1   0.0   0.4  70.5   0.0    3  10266  16318  567    6  572 161.89 
14:12:38  27.2   0.0   0.3  69.8   2.7    7   9870  15597  529    8  524 154.91 
14:12:39  29.4   0.0   0.4  70.0   0.2    7  10391  16738  562    6  562 159.28 
14:12:40  27.0   0.0   0.4  72.6   0.0    8   9901  16056  519    8  519 153.23 
14:12:41  29.4   0.0   0.3  70.2   0.0    8  10165  16114  567    6  567 161.84 
14:12:42  29.2   0.0   0.3  70.5   0.0    8  10262  16606  547    6  547 161.15 
14:12:43  27.0   0.0   0.4  72.6   0.1    7   9856  15684  524    8  524 155.23 
14:12:44  29.2   0.0   0.4  70.4   0.0    7   9866  16628  567    6  567 160.43 
14:12:45  29.2   0.0   0.4  70.3   0.0    7  10655  16052  542    6  542 161.69 
14:12:46  29.2   0.0   0.3  70.6   0.0    7  10053  15962  537    6  537 162.00 
14:12:47  26.9   0.0   0.4  72.7   0.0    8  10028  15371  504    8  504 152.11 
14:12:48  29.1   0.0   0.5  70.4   0.1    7   9767  15689  567    6  567 160.74 
14:12:49  29.0   0.0   0.4  70.6   0.0    7  10584  16743  557    6  557 164.49 
14:12:50  29.2   0.0   0.3  70.5   0.0    6  10578  16740  537    6  537 165.08 
14:12:51  26.8   0.0   0.4  72.8   0.0    8   9735  15502  479    8  484 148.98 
14:12:52  29.6   0.0   0.3  70.1   0.0    7  10171  16322  573    6  572 161.22 
14:12:53  29.3   0.0   0.3  70.0   0.3    7  10125  16388  556    6  552 161.82 
14:12:54  29.2   0.0   0.3  69.8   0.8    7  10785  16353  547    6  547 164.08 
14:12:55  27.0   0.0   0.4  72.6   0.0    7  10632  16305  499    8  499 154.69 
14:12:56  29.1   0.0   0.4  70.5   0.0    8  10311  16580  567    6  567 161.10 
14:12:57  29.4   0.0   0.3  70.3   0.0    7  11098  17018  547    6  547 158.74 
14:12:58  29.0   0.0   0.5  70.5   0.0    7  10362  16454  537    6  537 159.28 
  Time    User  Nice   Sys  Idle    IO  Run Ctxt/s  IRQ/s Fork Exec Exit  Watts
14:12:59  26.8   0.0   0.5  72.6   0.2    7  10130  16061  504    8  504 150.71 
14:13:00  29.2   0.0   0.3  70.5   0.0    7  10188  16959  558    6  557 158.60 
14:13:01  29.2   0.0   0.4  70.4   0.0    7  10680  16896  547    6  547 158.82 
14:13:02  27.0   0.0   0.3  72.8   0.0    7   9695  15618  504    8  504 150.03 
14:13:03  29.4   0.0   0.4  70.2   0.0    7  10207  16328  572    6  572 162.04 
14:13:04  29.3   0.0   0.3  70.4   0.0    8  10247  16165  552    6  552 160.59 
14:13:05  27.2   0.0   0.3  72.5   0.0    7  10051  16413  519    8  519 151.22 
14:13:06  29.3   0.0   0.2  70.3   0.1   11   9677  16406  556    1  552 157.07 
14:13:07  29.2   0.0   0.4  70.4   0.0    7  10149  16304  536    5  540 161.04 
14:13:08  27.2   0.0   0.4  72.5   0.0    7  10060  15619  494    8  494 152.15 
14:13:09  29.2   0.0   0.5  70.3   0.0    7  10049  16268  567    6  567 159.24 
14:13:10  29.3   0.0   0.3  70.4   0.0    7   9473  15927  557    6  557 159.70 
14:13:11  27.2   0.0   0.4  72.4   0.0    7   9747  16118  514    8  514 152.17 
14:13:12  29.4   0.0   0.3  66.5   3.8    8   9829  16604  567    6  567 159.43 
14:13:13  27.2   0.0   0.5  72.3   0.1    7   9859  15761  504    8  509 153.77 
14:13:14  28.6   0.0   0.4  71.0   0.0    8  10424  16778  562    6  557 156.76 
14:13:15  29.2   0.0   0.3  70.5   0.0    7  10087  16643  552    6  552 159.22 
14:13:16  29.1   0.0   0.4  70.5   0.0    7  10406  16756  542    6  542 159.80 
14:13:17  29.3   0.0   0.3  70.5   0.0    8  10433  16283  527    6  527 161.19 
14:13:18  27.0   0.0   0.3  72.6   0.2    7   9641  16518  519    8  519 148.48 
14:13:19  29.2   0.0   0.4  70.4   0.0    7  10563  16948  557    6  557 158.62 
14:13:20  29.2   0.0   0.3  70.5   0.0    7  10515  17697  537    6  537 159.90 
14:13:21  29.3   0.0   0.2  70.5   0.0    7  10334  16897  527    6  527 159.90 
  Time    User  Nice   Sys  Idle    IO  Run Ctxt/s  IRQ/s Fork Exec Exit  Watts
14:13:22  29.1   0.0   0.4  70.5   0.0    7  10839  16845  522    6  522 161.69 
14:13:23  27.4   0.0   0.3  67.5   4.8    7  10420  16468  491    8  491 151.55 
14:13:24  29.0   0.0   0.5  70.5   0.0    8  10296  16911  562    6  562 159.29 
14:13:25  29.1   0.0   0.4  70.5   0.0    8   9963  16500  547    6  547 158.92 
14:13:26  27.1   0.0   0.4  72.5   0.0    8   9921  16052  519    8  519 151.00 
14:13:27  29.3   0.0   0.3  70.3   0.0    7  10130  16634  557    6  557 161.08 
14:13:28  29.2   0.0   0.4  70.5   0.0    7  10548  17086  547    6  547 158.98 
14:13:29  27.3   0.0   0.5  70.0   2.2    7  10431  16677  531   10  531 153.88 
14:13:30  29.1   0.0   0.4  70.5   0.0    7   9600  15988  552    6  552 157.76 
14:13:31  29.3   0.0   0.3  70.4   0.0    7  10314  16646  547    6  547 160.54 
14:13:32  27.1   0.0   0.4  72.6   0.0    7  10517  16418  514    8  514 153.80 
14:13:33  29.1   0.0   0.4  70.5   0.0    7   9924  16898  562    6  562 158.99 
14:13:34  29.4   0.0   0.2  70.3   0.0    7  10018  16455  552    6  552 161.25 
14:13:35  27.3   0.0   0.4  72.0   0.2    7  10194  16105  504    8  504 152.90 
14:13:36  29.0   0.0   0.5  70.5   0.0    7  10260  16395  562    6  562 160.74 
14:13:37  29.4   0.0   0.2  70.3   0.0    7   9695  16328  557    6  557 161.28 
14:13:38  29.1   0.0   0.3  70.6   0.0    7  10191  16653  537    6  537 159.58 
14:13:39  26.8   0.0   0.4  72.8   0.0    7   9947  15669  514    8  514 151.49 
14:13:40  29.2   0.0   0.5  70.4   0.0    7  10310  16548  562    6  562 161.25 
14:13:41  14.2   0.0   0.4  80.9   4.6    7  11160  12472  274    8  274  83.36 
14:13:42  28.9   0.0   0.5  70.6   0.0    7  10477  16889  557    6  557 159.56 
14:13:43  29.2   0.0   0.3  70.5   0.0    7  10126  17203  552    6  552 157.09 
14:13:44  29.2   0.0   0.3  70.5   0.0    7  10361  16459  537    6  537 159.63 
  Time    User  Nice   Sys  Idle    IO  Run Ctxt/s  IRQ/s Fork Exec Exit  Watts
14:13:45  27.1   0.0   0.3  72.6   0.0    7  10281  16263  509    8  509 150.99 
14:13:46  29.2   0.0   0.3  68.7   1.9    7  10557  16811  557    6  557 159.04 
14:13:47  29.1   0.0   0.5  70.0   0.4    7  10181  16329  552    6  552 160.15 
14:13:48  26.7   0.0   0.4  72.9   0.0    7   9459  15198  494    8  494 148.10 
14:13:49  28.9   0.0   0.4  70.7   0.1    7  10371  16824  562    6  562 156.34 
14:13:50  28.9   0.0   0.5  70.6   0.0    8  10213  16676  557    6  557 162.56 
14:13:51  27.2   0.0   0.4  72.5   0.0    8  10645  16570  519    8  553 153.98 
14:13:52  29.3   0.0   0.3  67.2   3.1    8  10288  15748  562    6  562 160.46 
14:13:53  29.3   0.0   0.3  70.4   0.0    7  11073  16688  552    6  552 163.23 
14:13:54  27.1   0.0   0.3  72.6   0.0    7  10077  15921  524    8  524 154.16 
14:13:55  29.4   0.0   0.3  70.2   0.0    7   9540  15841  557    6  558 158.69 
14:13:56  29.3   0.0   0.3  70.4   0.0    7  10641  16679  547    6  547 160.86 
14:13:57  27.1   0.0   0.5  72.4   0.0    7   9818  16008  520    8  519 151.37 
14:13:58  29.3   0.0   0.2  68.8   1.7    2  10150  16877  552    6  553 159.34 
14:13:59  27.1   0.0   0.4  72.6   0.0    7  10449  16470  504    8  503 150.05 
14:14:00  28.9   0.0   0.4  70.7   0.0    7   9969  16688  567    6  567 159.01 
14:14:01  29.4   0.0   0.3  70.4   0.0    7   9720  16108  552    6  552 159.36 
14:14:02  29.3   0.0   0.4  70.3   0.0    2  10378  16347  542    6  543 159.88 
14:14:03  29.0   0.0   0.4  70.5   0.1    7  10307  17091  532    6  531 158.29 
14:14:04  27.4   0.0   0.3  72.3   0.0    7  10045  15916  499    8  499 153.51 
14:14:05  28.9   0.0   0.5  70.6   0.0    7  10324  17076  562    6  562 158.93 
14:14:06  29.2   0.0   0.5  70.3   0.0    7  10559  17026  552    6  552 160.47 
14:14:07  29.2   0.0   0.3  70.6   0.0    7  10685  16814  537    6  537 159.71 
  Time    User  Nice   Sys  Idle    IO  Run Ctxt/s  IRQ/s Fork Exec Exit  Watts
14:14:08  27.1   0.0   0.3  72.6   0.0    7   9909  15937  505    8  504 149.28 
14:14:09  29.3   0.0   0.3  69.7   0.8    2   9860  16366  557    6  562 157.56 
14:14:10  29.1   0.0   0.4  70.5   0.0    7  10573  16401  547    6  542 160.34 
14:14:11  26.7   0.0   0.4  72.9   0.0    7   9473  15529  499    8  499 148.34 
14:14:12  29.3   0.0   0.3  70.4   0.0    7  10006  16394  562    6  562 160.30 
14:14:13  29.2   0.0   0.4  70.4   0.0    7   9839  15992  552    6  552 158.52 
14:14:14  29.1   0.0   0.4  70.5   0.0    7  10446  16789  542    6  542 163.16 
14:14:15  29.2   0.0   0.3  70.4   0.1    7   9830  16365  527    6  527 160.85 
14:14:16  26.4   0.0   0.5  73.1   0.0    7   9769  16157  479    8  479 146.68 
14:14:17  29.1   0.0   0.4  70.5   0.0    7  10063  16362  567    6  567 159.65 
14:14:18  29.6   0.0   0.3  70.1   0.0    7   9805  15753  557    6  557 160.97 
14:14:19  27.2   0.0   0.4  72.5   0.0    7  10287  15676  499    8  499 152.74 
14:14:20  28.9   0.0   0.5  70.6   0.0    7   9935  16277  572    6  572 159.76 
14:14:21  29.4   0.0   0.3  70.2   0.1    7  10764  16475  557    6  557 162.71 
14:14:22  27.3   0.0   0.4  72.4   0.0    7  10238  15639  504    8  504 149.72 
14:14:23  29.4   0.0   0.3  70.3   0.0    7  10036  16548  562    6  562 159.47 
14:14:24  29.2   0.0   0.4  70.3   0.0    7   9938  16758  552    6  552 159.22 
14:14:25  29.4   0.0   0.3  70.3   0.0    7  10124  16424  542    6  542 159.06 
14:14:26  27.1   0.0   0.3  72.6   0.0    8  10312  16457  514    8  514 152.18 
14:14:27  29.3   0.0   0.3  68.9   1.4    7  10015  16510  562    6  562 159.91 
14:14:28  29.4   0.0   0.2  70.4   0.0    7  10662  16656  547    6  547 161.70 
14:14:29  27.3   0.0   0.4  72.4   0.0    7   9935  15822  504    8  504 150.58 
14:14:30  29.2   0.0   0.3  70.5   0.0    7   9942  16798  567    6  567 160.72 
  Time    User  Nice   Sys  Idle    IO  Run Ctxt/s  IRQ/s Fork Exec Exit  Watts
14:14:31  29.2   0.0   0.5  70.3   0.0    7  10397  16602  552    6  552 161.44 
14:14:32  29.0   0.0   0.3  70.7   0.0    7  10496  16241  542    6  542 161.74 
14:14:33  29.2   0.0   0.4  70.4   0.1    7  10395  15972  532    6  532 162.58 
14:14:34  29.1   0.0   0.4  70.5   0.0    7   9926  16009  517    6  517 160.52 
14:14:35  29.2   0.0   0.4  70.5   0.0    8  10103  16220  502    6  502 161.84 
14:14:36  27.2   0.0   0.4  72.4   0.0    7  10109  16411  529    8  529 155.14 
14:14:37  29.4   0.0   0.2  70.4   0.0    7   9940  16244  562    6  562 162.22 
14:14:38  26.9   0.0   0.5  72.1   0.6    8  10178  15589  509    8  509 149.63 
14:14:39  29.2   0.0   0.4  70.4   0.0    3   9674  16167  567    6  572 162.00 
14:14:40  29.2   0.0   0.3  70.5   0.0    8   9799  16080  547    6  542 157.92 
14:14:41  29.2   0.0   0.4  70.4   0.0    7  10369  16165  542    6  542 161.68 
14:14:42  29.2   0.0   0.3  70.5   0.0    7  10861  16076  527    6  527 162.14 
14:14:43  29.1   0.0   0.4  70.5   0.0    7  10508  15647  522    6  522 161.34 
14:14:44  27.2   0.0   0.4  72.3   0.1    7   9559  14474  484    8  484 154.32 
14:14:45  29.4   0.0   0.5  70.1   0.0    7   9682  16174  567    6  567 158.80 
14:14:46  29.4   0.0   0.3  70.3   0.0    7  10708  16347  552    6  552 162.13 
14:14:47  26.9   0.0   0.4  72.7   0.0    7  10839  16149  496    8  499 152.00 
14:14:48  29.3   0.0   0.4  70.4   0.0    7   9554  15851  570    6  567 160.89 
14:14:49  29.1   0.0   0.4  70.5   0.0    8  10740  16970  557    6  557 160.70 
14:14:50  26.9   0.0   0.5  72.5   0.2    2   9806  15782  514    8  519 151.97 
14:14:51  29.2   0.0   0.3  70.5   0.0    8   9886  16331  567    6  562 162.42 
14:14:52  29.2   0.0   0.3  70.6   0.0    7  10063  16256  547    6  547 159.82 
14:14:53  29.0   0.0   0.3  70.7   0.0    2  10804  16645  529    8  534 161.05 
  Time    User  Nice   Sys  Idle    IO  Run Ctxt/s  IRQ/s Fork Exec Exit  Watts
14:14:54  27.2   0.0   0.4  72.4   0.0    7   9863  16310  522    6  517 150.37 
14:14:55  29.3   0.0   0.3  70.3   0.0    7   9980  16189  562    6  562 160.86 
14:14:56  29.1   0.0   0.4  70.6   0.0    7  10017  16525  547    6  547 159.42 
14:14:57  27.1   0.0   0.5  72.5   0.0    8  10141  16093  489    8  489 152.82 
14:14:58  29.2   0.0   0.3  70.5   0.0    7   9997  16582  572    6  572 160.91 
14:14:59  29.3   0.0   0.4  70.2   0.0    8  10166  16766  557    6  557 161.61 
14:15:00  26.9   0.0   0.5  72.6   0.0    7  10610  16806  524    8  524 152.98 
14:15:01  28.9   0.0   0.4  70.6   0.1    7   9921  16704  560    8  560 159.58 
14:15:02  29.2   0.0   0.4  70.4   0.0    7  10250  16383  547    6  547 160.45 
14:15:03  27.1   0.0   0.4  72.5   0.0    7  10243  15862  494    8  494 150.99 
14:15:04  29.3   0.0   0.3  70.4   0.0    7   9629  16679  567    6  567 158.27 
14:15:05  29.2   0.0   0.4  70.4   0.0    7  10098  16676  557    6  557 160.24 
14:15:06  29.3   0.0   0.3  70.4   0.0    7  10151  16696  542    6  542 160.44 
14:15:07  28.6   0.0   0.3  70.1   1.0    2  10568  16625  519    8  524 159.23 
14:15:08  27.3   0.0   0.4  69.8   2.5    7   9916  15998  532    6  527 153.12 
14:15:09  29.5   0.0   0.2  70.2   0.0    7  10197  15559  562    6  562 162.53 
14:15:10  27.2   0.0   0.4  72.4   0.0    7  10274  15430  519    8  519 151.35 
14:15:11  29.3   0.0   0.3  70.4   0.0    7  10628  16023  562    6  562 159.89 
14:15:12  29.0   0.0   0.4  70.6   0.0    7  10533  16544  547    6  547 161.32 
14:15:13  27.0   0.0   0.4  72.5   0.2    7   9810  15862  509    8  509 150.92 
14:15:14  29.1   0.0   0.3  70.6   0.0    7  10390  16453  567    6  567 160.72 
14:15:15  27.2   0.0   0.3  72.4   0.0    7  10061  15716  513    8  514 152.54 
14:15:16  29.0   0.0   0.3  70.7   0.0    7  10476  16522  568    6  567 161.91 
  Time    User  Nice   Sys  Idle    IO  Run Ctxt/s  IRQ/s Fork Exec Exit  Watts
14:15:17  29.2   0.0   0.3  70.5   0.0    7  10039  16280  548    6  552 159.80 
14:15:18  27.2   0.0   0.4  72.3   0.1    7  10555  16467  503    8  499 153.38 
14:15:19  29.1   0.0   0.5  70.5   0.0    7  10395  17018  567    6  567 161.62 
14:15:20  29.3   0.0   0.3  70.3   0.0    7  10123  16461  552    6  552 160.88 
14:15:21  27.0   0.0   0.5  72.5   0.0    7   9761  16453  519    8  519 148.80 
14:15:22  29.4   0.0   0.3  70.3   0.0    7  10196  16515  557    6  557 158.59 
14:15:23  29.4   0.0   0.3  69.6   0.6    7  10357  15874  547    6  547 160.96 
14:15:24  27.1   0.0   0.3  72.2   0.4    7   9642  15286  504    8  504 151.48 
14:15:25  29.2   0.0   0.5  70.3   0.0    8  10257  16106  572    6  577 162.23 
14:15:26  29.3   0.0   0.3  70.3   0.0    7  10367  16572  557    6  552 159.82 
14:15:27  26.8   0.0   0.4  72.9   0.0    7  10429  16071  494    8  494 149.92 
14:15:28  29.1   0.0   0.4  70.5   0.0    7   9360  15734  567    6  567 158.38 
14:15:29  29.2   0.0   0.4  70.2   0.1    7  10124  15949  552    6  552 159.39 
14:15:30  29.2   0.0   0.4  70.5   0.0    7  10200  15945  542    6  542 161.59 
14:15:31  27.0   0.0   0.5  72.5   0.0    7  10084  16422  519    8  519 150.12 
14:15:32  29.3   0.0   0.4  70.3   0.0    7  10156  16289  562    6  562 161.03 
14:15:33  29.3   0.0   0.3  70.3   0.0    7   9731  15772  547    6  547 161.13 
14:15:34  27.1   0.0   0.4  72.4   0.1    7  10743  16036  499    8  499 152.88 
14:15:35  29.2   0.0   0.4  70.4   0.0    7   9907  16588  567    6  567 159.66 
14:15:36  29.3   0.0   0.3  70.3   0.0    7   9732  15798  557    6  557 161.09 
14:15:37  26.9   0.0   0.3  72.8   0.0    7  10057  16004  514    8  514 149.81 
14:15:38  26.9   0.0   0.5  72.6   0.0    7  10073  16372  519    8  519 150.98 
14:15:39  29.4   0.0   0.2  70.0   0.3    7  10548  16722  567    6  567 161.53 
  Time    User  Nice   Sys  Idle    IO  Run Ctxt/s  IRQ/s Fork Exec Exit  Watts
14:15:40  29.2   0.0   0.4  66.0   4.4    7  10058  15618  557    6  557 161.69 
14:15:41  29.2   0.0   0.4  68.9   1.5    7  10579  16066  542    6  542 160.86 
14:15:42  29.3   0.0   0.3  70.5   0.0    7   9946  16153  531    6  532 160.98 
14:15:43  29.3   0.0   0.4  70.3   0.0    7  10825  16212  518    6  517 162.90 
14:15:44  29.2   0.0   0.3  70.5   0.0    7  10903  16444  517    6  517 164.55 
14:15:45  27.0   0.0   0.5  72.5   0.1    7   9066  14978  459    8  459 151.19 
14:15:46  29.0   0.0   0.5  70.6   0.0    7  10056  16708  567    6  567 159.80 
14:15:47  29.1   0.0   0.5  70.4   0.0    7   9805  15475  557    6  557 161.36 
14:15:48  29.2   0.0   0.4  70.4   0.0    7  10384  16763  542    6  542 159.31 
14:15:49  27.0   0.0   0.4  72.6   0.0    7   9444  15554  499    8  499 149.28 
14:15:50  28.9   0.0   0.5  70.6   0.0    8  10693  16745  567    6  567 159.75 
14:15:51  29.4   0.0   0.2  70.2   0.2    3  10144  16383  540    0  545 159.36 
14:15:52  29.3   0.0   0.3  67.6   2.8    7  10466  16451  542    6  537 160.14 
14:15:53  29.2   0.0   0.4  70.4   0.0    8  10244  16137  532    6  532 160.13 
14:15:54  29.2   0.0   0.4  70.4   0.0    4  10041  15956  517    6  522 161.60 
14:15:55  29.2   0.0   0.3  70.5   0.0    7   9397  15454  512    6  507 160.49 
14:15:56  27.5   0.0   0.3  72.2   0.0    7  10396  16515  514    8  514 156.04 
14:15:57  29.3   0.0   0.4  70.2   0.1    8   9979  16311  567    6  567 163.48 
14:15:58  29.2   0.0   0.4  70.4   0.0    9  10461  16540  552    6  552 162.72 
14:15:59  27.3   0.0   0.4  72.3   0.0    7  10119  15942  509    8  509 150.69 
14:16:00  29.0   0.0   0.5  70.5   0.0    7  10223  16759  562    6  562 159.06 
14:16:01  29.4   0.0   0.3  70.3   0.0    8  10459  16418  552    6  552 161.05 
14:16:02  27.0   0.0   0.4  72.6   0.0    7  10268  15653  499    8  499 149.07 
  Time    User  Nice   Sys  Idle    IO  Run Ctxt/s  IRQ/s Fork Exec Exit  Watts
14:16:03  29.0   0.0   0.5  69.3   1.3    7   9661  16719  567    6  567 158.60 
14:16:04  29.4   0.0   0.3  70.3   0.0    7  10393  16550  557    6  557 159.05 
14:16:05  27.1   0.0   0.6  72.3   0.0    7  10096  15933  519    8  519 150.67 
14:16:06  29.0   0.0   0.5  70.5   0.0    8  10273  16586  557    6  557 158.29 
14:16:07  29.4   0.0   0.3  70.3   0.0    2  10582  16874  552    6  553 162.09 
14:16:08  27.1   0.0   0.4  72.4   0.0    7  10206  16381  499    8  498 150.70 
14:16:09  29.0   0.0   0.5  69.6   0.9    7  10358  17228  567    6  567 157.97 
14:16:10  29.4   0.0   0.3  70.3   0.0    7  10645  17369  549    6  552 161.13 
14:16:11  29.1   0.0   0.5  70.4   0.0    7  10022  15991  545    6  542 161.29 
14:16:12  27.0   0.0   0.4  72.6   0.0    7   9958  15763  509    8  509 151.18 
14:16:13  29.6   0.0   0.3  70.1   0.0    7  10015  15913  567    6  567 160.57 
14:16:14  29.3   0.0   0.3  70.4   0.1    7   9333  15404  552    6  552 161.19 
14:16:15  29.2   0.0   0.4  70.4   0.0    7  10122  16198  532    6  532 160.01 
14:16:16  27.1   0.0   0.4  72.5   0.0    7  10122  15998  514    8  514 151.81 
14:16:17  29.2   0.0   0.5  70.3   0.0    7   9927  16138  557    6  557 158.30 
14:16:18  29.2   0.0   0.4  70.5   0.0    8  10858  16839  552    6  552 162.53 
14:16:19  29.4   0.0   0.3  70.3   0.1    7  10411  16122  537    6  537 159.80 
14:16:20  29.3   0.0   0.3  70.5   0.0    7   9846  15741  527    6  527 159.88 
14:16:21  26.7   0.0   0.5  72.8   0.0    7  10174  15780  509    8  509 149.41 
14:16:22  29.2   0.0   0.4  70.4   0.0    8  10408  16767  562    6  562 158.93 
14:16:23  27.1   0.0   0.4  72.5   0.0    7  10176  16155  509    8  509 149.00 
14:16:24  29.2   0.0   0.3  70.5   0.0    7  10397  16787  567    6  567 161.36 
14:16:25  29.3   0.0   0.3  70.3   0.1    7  10299  16826  547    6  547 159.29 
  Time    User  Nice   Sys  Idle    IO  Run Ctxt/s  IRQ/s Fork Exec Exit  Watts
14:16:26  27.2   0.0   0.3  72.4   0.0    7   9929  16622  509    8  509 148.52 
14:16:27  29.1   0.0   0.4  70.5   0.0    7  10105  16880  557    6  557 157.17 
14:16:28  29.2   0.0   0.4  70.5   0.0    7  10447  16703  547    6  547 160.86 
14:16:29  27.1   0.0   0.4  72.6   0.0    7  10469  16651  504    8  504 152.06 
14:16:30  29.3   0.0   0.3  70.4   0.0    8  10260  16565  567    6  567 160.56 
14:16:31  27.4   0.0   0.3  72.2   0.1    8  10129  15542  509    8  509 151.72 
14:16:32  29.0   0.0   0.4  70.6   0.0    7  10271  16755  567    6  567 158.02 
14:16:33  29.1   0.0   0.3  70.6   0.0    7  10173  16024  552    6  552 159.65 
14:16:34  29.0   0.0   0.5  70.5   0.0    7  10566  16379  542    6  542 161.08 
14:16:35  27.0   0.0   0.6  72.5   0.0    7   9964  15963  514    8  514 151.29 
14:16:36  29.7   0.0   0.1  70.1   0.0    7  10336  16883  567    6  567 162.07 
14:16:37  29.3   0.0   0.3  69.1   1.3    7   9943  16315  547    6  547 160.17 
14:16:38  27.0   0.0   0.5  72.5   0.0    7   9993  15831  509    8  509 150.06 
14:16:39  29.2   0.0   0.3  70.5   0.0    7  10187  16886  560    6  562 158.28 
14:16:40  29.3   0.0   0.4  70.3   0.0    7  10741  16811  549    6  547 161.10 
14:16:41  26.8   0.0   0.5  72.8   0.0    7  10239  15645  504    8  504 148.67 
14:16:42  29.2   0.0   0.3  70.4   0.0    7   9940  16410  562    6  562 160.55 
14:16:43  29.2   0.0   0.4  70.4   0.1    7   9923  16377  547    6  547 160.51 
14:16:44  29.1   0.0   0.4  70.5   0.0    7  10279  15884  537    6  537 161.35 
14:16:45  26.9   0.0   0.4  72.7   0.0    7  10089  16542  504    8  504 150.74 
14:16:46  29.5   0.0   0.3  70.2   0.0    7  10142  16583  562    6  562 158.01 
14:16:47  29.4   0.0   0.3  70.3   0.0    7  10197  15958  552    6  552 161.26 
14:16:48  29.3   0.0   0.3  70.5   0.0    8   9540  15531  542    6  542 160.07 
  Time    User  Nice   Sys  Idle    IO  Run Ctxt/s  IRQ/s Fork Exec Exit  Watts
14:16:49  29.1   0.0   0.4  70.5   0.0    7   9565  15658  527    6  527 159.29 
14:16:50  27.3   0.0   0.3  72.4   0.0    7   9953  14919  479    8  479 151.39 
14:16:51  29.0   0.0   0.4  70.7   0.0    7  10085  16856  567    6  567 157.77 
14:16:52  29.3   0.0   0.4  70.2   0.0    7  10015  16141  552    6  552 161.11 
14:16:53  27.1   0.0   0.4  72.5   0.0    2   9931  15899  519    8  520 150.86 
14:16:54  29.3   0.0   0.3  70.4   0.0    7  10400  16423  562    6  561 160.13 
14:16:55  29.5   0.0   0.2  70.0   0.2    7   9800  15210  547    6  547 160.29 
14:16:56  27.1   0.0   0.3  72.6   0.0    2   9714  15569  504    8  504 147.38 
14:16:57  29.2   0.0   0.4  70.4   0.0    7   9924  16406  557    6  557 157.17 
14:16:58  29.2   0.0   0.4  70.4   0.0    7   9905  16582  547    6  547 160.36 
14:16:59  28.3   0.0   0.4  71.3   0.0    2  10099  16131  514    8  519 155.75 
14:17:00  28.3   0.0   0.3  71.4   0.0    7  10151  16077  547    6  542 155.17 
14:17:01  29.5   0.0   0.2  70.0   0.3    7  10237  15687  565    8  565 161.10 
14:17:02  29.4   0.0   0.3  70.3   0.0    7  10304  16507  542    6  542 160.73 
14:17:03  29.2   0.0   0.3  70.5   0.0    7  11073  16358  532    6  532 162.11 
14:17:04  26.5   0.0   0.6  72.9   0.0    7  10122  16490  514    8  514 148.99 
14:17:05  28.9   0.0   0.5  70.6   0.0    7  10068  17140  552    6  552 158.04 
14:17:06  29.1   0.0   0.3  70.6   0.0    7  10318  16904  542    6  542 157.78 
14:17:07  27.1   0.0   0.4  70.0   2.6    7  10191  15982  499    8  499 151.11 
14:17:08  29.1   0.0   0.5  70.5   0.0    7  10179  16660  567    6  567 161.35 
14:17:09  29.5   0.0   0.2  70.3   0.0    7   9955  15685  562    6  562 161.58 
14:17:10  27.2   0.0   0.4  72.4   0.0    7   9790  15594  514    8  514 150.25 
14:17:11  29.2   0.0   0.3  70.5   0.0    7  10072  16320  562    6  562 159.86 
  Time    User  Nice   Sys  Idle    IO  Run Ctxt/s  IRQ/s Fork Exec Exit  Watts
14:17:12  29.2   0.0   0.4  70.2   0.3    7  10418  17338  552    6  552 159.91 
14:17:13  29.1   0.0   0.4  70.5   0.0    7   9599  15970  542    6  542 160.44 
14:17:14  29.2   0.0   0.4  70.4   0.0    7   9869  15921  532    6  532 160.61 
14:17:15  26.9   0.0   0.4  72.7   0.0    7   9545  15457  474    8  474 151.76 
14:17:16  29.1   0.0   0.4  70.5   0.0    7  10015  16685  572    6  572 158.75 
14:17:17  29.4   0.0   0.3  70.2   0.2    7  10122  16520  557    6  557 161.03 
14:17:18  29.3   0.0   0.3  70.4   0.0    8  10170  15974  542    6  542 160.93 
14:17:19  27.0   0.0   0.3  72.6   0.0    7  10411  16264  519    8  519 152.53 
14:17:20  29.1   0.0   0.4  70.5   0.0    7  10201  16205  561    6  562 158.84 
14:17:21  29.2   0.0   0.4  70.4   0.0    7  10599  16094  543    6  542 159.78 
14:17:22  29.1   0.0   0.4  70.4   0.1    2  10212  16614  536    9  539 159.44 
14:17:23  27.5   0.0   0.3  72.1   0.1    7  10038  15803  527    6  522 151.02 
14:17:24  29.3   0.0   0.3  70.4   0.0    7  10336  16510  557    6  557 159.40 
14:17:25  27.1   0.0   0.3  72.6   0.0    7  10432  15326  494    8  494 148.78 
14:17:26  29.2   0.0   0.3  70.5   0.0    7   9788  16185  567    6  567 159.61 
14:17:27  29.5   0.0   0.3  70.1   0.0    7   9945  16100  553    6  557 163.06 
14:17:28  29.2   0.0   0.3  70.5   0.0    7  10643  16434  541    6  537 162.82 
14:17:29  27.0   0.0   0.6  72.4   0.1    7   9806  15920  501    8  504 149.93 
14:17:30  29.3   0.0   0.2  70.5   0.0    7   9837  16620  565    6  562 159.65 
14:17:31  29.1   0.0   0.5  70.5   0.0    7  10349  16553  547    6  547 159.05 
14:17:32  27.0   0.0   0.5  72.5   0.0    7  10141  16069  509    8  509 150.78 
14:17:33  29.3   0.0   0.3  70.5   0.0    7  10180  16678  562    6  562 159.45 
14:17:34  29.0   0.0   0.5  69.9   0.6    7  10208  16383  557    6  557 160.07 
  Time    User  Nice   Sys  Idle    IO  Run Ctxt/s  IRQ/s Fork Exec Exit  Watts
14:17:35  29.2   0.0   0.3  67.9   2.7    7  10090  16102  542    6  542 160.62 
14:17:36  29.2   0.0   0.4  70.5   0.0    7   9806  15589  527    6  527 160.15 
14:17:37  27.0   0.0   0.4  72.6   0.0    7  10236  16164  514    8  514 148.33 
14:17:38  29.3   0.0   0.3  70.5   0.0    7  10393  16515  562    6  562 160.28 
14:17:39  29.1   0.0   0.4  70.6   0.0    7  10319  16487  542    6  542 159.67 
14:17:40  29.1   0.0   0.5  70.3   0.1    7  10676  16730  537    6  537 161.25 
14:17:41  29.2   0.0   0.4  70.4   0.0    7  10535  15811  532    6  532 162.47 
14:17:42  27.0   0.0   0.5  72.6   0.0    7   9795  16009  509    8  509 152.98 
14:17:43  29.4   0.0   0.3  70.3   0.0    7  10318  17044  567    6  567 158.66 
14:17:44  27.1   0.0   0.4  72.5   0.0    7   9338  15479  514    8  514 149.47 
14:17:45  30.5   0.0   0.7  67.2   1.6    7  12052  18177  644   65  644 166.03 
14:17:46  29.2   0.0   0.4  64.3   6.1    7  10314  16712  561   13  560 161.84 
14:17:47  27.1   0.0   0.6  72.4   0.0    7  10162  16803  529    8  529 153.47 
14:17:48  29.0   0.0   0.3  70.7   0.0    2  10290  17108  557    6  562 159.57 
14:17:49  29.3   0.0   0.4  70.3   0.0    8  10492  17634  547    6  542 158.63 
14:17:50  27.3   0.0   0.3  71.3   1.1    7  10092  16323  509    8  509 150.63 
14:17:51  29.4   0.0   0.4  68.2   1.9    7   9839  16248  567    6  567 159.18 
14:17:52  29.2   0.0   0.3  70.5   0.0    8  10372  16418  552    6  552 161.20 
14:17:53  29.4   0.0   0.3  70.3   0.0    8  10563  16540  542    6  542 160.82 
14:17:54  26.8   0.0   0.3  72.9   0.0    7  10608  16388  499    8  499 149.59 
14:17:55  29.4   0.0   0.3  69.2   1.0    8  10155  15603  567    6  567 161.55 
14:17:56  29.4   0.0   0.2  70.3   0.0    7  10437  16551  552    6  552 160.51 
14:17:57  27.2   0.0   0.4  72.4   0.0    8   9929  16000  509    8  509 152.48 
  Time    User  Nice   Sys  Idle    IO  Run Ctxt/s  IRQ/s Fork Exec Exit  Watts
14:17:58  29.1   0.0   0.4  70.5   0.0    7  10362  16484  567    6  567 159.96 
14:17:59  29.5   0.0   0.3  70.2   0.0    7  10730  16254  557    6  557 162.87 
14:18:00  29.1   0.0   0.4  70.5   0.1    2   9678  16157  537    6  542 158.43 
14:18:01  27.1   0.0   0.4  72.6   0.0    7   9787  15768  526    8  524 149.98 
14:18:02  29.2   0.0   0.3  70.5   0.0    7  10033  16145  555    6  552 156.49 
14:18:03  29.2   0.0   0.5  70.4   0.0    7  10581  16699  542    6  542 158.61 
14:18:04  29.1   0.0   0.3  70.6   0.0    2  10944  16564  532    6  537 160.47 
14:18:05  27.1   0.0   0.5  72.4   0.0    7  11113  17230  519    8  514 151.34 
14:18:06  29.1   0.0   0.5  70.3   0.1    7  10299  17186  562    6  562 160.12 
14:18:07  29.1   0.0   0.5  70.4   0.1    7  10409  17137  545    7  548 161.32 
14:18:08  29.3   0.0   0.3  70.4   0.0    7  10418  16607  535    6  532 160.23 
14:18:09  29.1   0.0   0.4  70.6   0.0    7   9537  15587  527    6  527 158.65 
14:18:10  27.0   0.0   0.5  72.5   0.0    8  10051  16169  509    8  509 150.39 
14:18:11  29.1   0.0   0.3  70.5   0.1    7   9956  16270  562    6  562 158.30 
14:18:12  29.2   0.0   0.3  70.5   0.0    7  11006  17165  547    6  547 160.56 
14:18:13  29.1   0.0   0.4  70.5   0.1    7  10210  16294  537    6  537 159.18 
14:18:14  26.8   0.0   0.5  72.7   0.0    7  10147  16091  524    8  524 153.22 
14:18:15  29.0   0.0   0.4  70.6   0.0    7  10178  16192  557    6  557 161.41 
14:18:16  28.9   0.0   0.5  70.6   0.0    7  10281  16432  547    6  547 162.75 
14:18:17  27.0   0.0   0.3  72.5   0.3    7   9573  16112  524    8  524 151.60 
14:18:18  29.3   0.0   0.4  70.4   0.0    8   9965  16964  553    6  552 158.35 
14:18:19  29.3   0.0   0.3  70.4   0.0    7  10489  16929  547    6  547 160.65 
14:18:20  29.2   0.0   0.3  70.5   0.0    7  10135  16188  537    6  537 161.73 
  Time    User  Nice   Sys  Idle    IO  Run Ctxt/s  IRQ/s Fork Exec Exit  Watts
14:18:21  26.9   0.0   0.3  72.8   0.0    7   9850  15979  519    8  519 147.92 
14:18:22  29.5   0.0   0.3  70.2   0.0    7  10251  16848  562    6  562 160.92 
14:18:23  29.2   0.0   0.4  69.5   1.0    7  10339  16442  549    6  547 159.17 
14:18:24  28.9   0.0   0.4  69.4   1.4    2  11241  17133  524    8  531 158.85 
14:18:25  27.2   0.0   0.4  72.3   0.1    7   9920  16260  527    6  522 151.15 
14:18:26  29.2   0.0   0.4  70.4   0.0    7  10766  17027  567    6  567 161.71 
14:18:27  27.0   0.0   0.5  72.5   0.0    7  10935  16602  499    8  499 153.45 
14:18:28  29.4   0.0   0.4  67.9   2.3    7   9699  16554  568    6  567 158.42 
14:18:29  29.3   0.0   0.5  70.2   0.0    7  10689  17018  552    6  552 158.57 
14:18:30  29.2   0.0   0.4  70.2   0.2    7  10156  16408  542    6  542 160.14 
14:18:31  27.2   0.0   0.4  72.4   0.0    7  10119  16349  520    9  520 150.14 
14:18:32  29.4   0.0   0.3  70.3   0.0    7  10037  16396  557    6  557 160.51 
14:18:33  29.3   0.0   0.3  70.4   0.0    7   9895  16156  547    6  547 158.78 
14:18:34  29.2   0.0   0.3  70.5   0.0    7  10227  16049  532    6  532 160.50 
14:18:35  27.1   0.0   0.4  72.5   0.0    2   9567  15602  514    8  515 150.66 
14:18:36  29.1   0.0   0.3  70.6   0.1    7  10226  16108  562    6  561 162.06 
14:18:37  27.3   0.0   0.3  72.4   0.0    7   9866  15657  519    8  519 152.58 
14:18:38  29.3   0.0   0.3  70.4   0.0    7   9933  16538  562    6  562 159.07 
14:18:39  29.1   0.0   0.4  70.5   0.0    7   9841  15965  552    6  552 159.68 
14:18:40  27.2   0.0   0.4  72.5   0.0    7  10012  15995  504    8  504 149.44 
14:18:41  29.2   0.0   0.3  70.6   0.0    8   9282  16484  566    5  562 159.41 
14:18:42  28.9   0.0   0.3  70.8   0.0    7   9871  16175  546    1  550 160.95 
14:18:43  29.2   0.0   0.3  70.4   0.1    7  10445  16644  532    6  532 159.41 
  Time    User  Nice   Sys  Idle    IO  Run Ctxt/s  IRQ/s Fork Exec Exit  Watts
14:18:44  29.3   0.0   0.4  70.4   0.0    7  10845  17075  532    6  533 161.71 
14:18:45  27.1   0.0   0.4  72.5   0.0    7  10563  16067  499    8  499 151.35 
14:18:46  29.1   0.0   0.6  70.3   0.0    7  10184  17102  562    6  562 158.90 
14:18:47  29.4   0.0   0.3  70.3   0.0    7  10526  16556  552    6  552 161.73 
14:18:48  29.2   0.0   0.4  70.4   0.0    7  10573  16425  542    6  542 160.65 
14:18:49  26.5   0.0   0.4  73.1   0.1    7  10342  16827  509    8  509 147.41 
14:18:50  29.2   0.0   0.4  70.2   0.1    7  10469  17322  558    7  558 158.61 
14:18:51  29.3   0.0   0.4  70.4   0.0    7  10206  16660  552    6  552 162.65 
14:18:52  27.3   0.0   0.4  72.3   0.0    7   9555  15814  523    8  524 151.73 
14:18:53  29.3   0.0   0.3  70.4   0.0    7  10244  16505  563    6  562 161.21 
14:18:54  29.2   0.0   0.4  70.4   0.0    7  10229  16495  547    6  547 159.27 
14:18:55  27.0   0.0   0.3  72.6   0.1    7   9575  15473  504    8  504 149.27 
14:18:56  29.3   0.0   0.3  70.5   0.0    7  10405  16812  562    6  562 158.49 
14:18:57  29.5   0.0   0.3  70.2   0.0    7  10131  16069  552    6  552 159.02 
14:18:58  29.1   0.0   0.4  70.5   0.0    7  10521  16333  537    6  537 158.53 
14:18:59  27.1   0.0   0.3  72.6   0.0    7  10117  15440  489    8  489 151.73 
14:19:00  28.9   0.0   0.4  70.1   0.6    7  10240  16142  571    6  572 160.44 
14:19:01  29.1   0.0   0.4  69.7   0.8    8  10120  16246  553    6  552 159.83 
14:19:02  27.4   0.0   0.3  72.2   0.0    7  10435  16211  519    8  519 150.91 
14:19:03  27.2   0.0   0.4  72.3   0.0    8   9966  15405  519    8  519 150.13 
14:19:04  29.2   0.0   0.4  70.4   0.0    7  10070  16582  572    6  572 160.68 
14:19:05  29.2   0.0   0.4  70.4   0.0    7   9688  16188  552    6  552 159.78 
14:19:06  27.1   0.0   0.4  72.4   0.1    7  11392  16525  499    8  499 154.52 
  Time    User  Nice   Sys  Idle    IO  Run Ctxt/s  IRQ/s Fork Exec Exit  Watts
14:19:07  29.3   0.0   0.3  70.4   0.0    7   9927  16237  572    6  572 159.77 
14:19:08  29.3   0.0   0.4  70.3   0.0    7  10291  16042  562    6  562 162.15 
14:19:09  29.3   0.0   0.3  70.4   0.0    3  10425  16470  542    6  547 159.95 
14:19:10  29.2   0.0   0.2  70.6   0.0    7  10191  16222  532    6  527 159.29 
14:19:11  27.1   0.0   0.5  72.4   0.0    7  10287  15812  514    8  514 151.32 
14:19:12  29.2   0.0   0.3  70.4   0.2    7  10605  16462  562    6  562 159.78 
14:19:13  29.1   0.0   0.5  70.5   0.0    7  10072  16054  547    6  547 160.27 
14:19:14  29.2   0.0   0.3  70.6   0.0    7  10472  16485  532    6  532 159.41 
14:19:15  27.1   0.0   0.5  72.5   0.0    6   9912  16196  489    8  494 149.26 
14:19:16  29.3   0.0   0.3  70.4   0.0    2   9844  15866  567    6  567 157.45 
14:19:17  29.2   0.0   0.4  68.4   2.1    7  10398  16577  557    6  552 159.08 
14:19:18  29.2   0.0   0.4  70.3   0.0    7  10680  16606  542    6  544 159.59 
14:19:19  27.2   0.0   0.3  72.6   0.0    7  10460  16097  495    8  494 153.63 
14:19:20  29.0   0.0   0.5  70.5   0.0    7  10528  18050  568    7  568 157.74 
14:19:21  29.5   0.0   0.3  70.2   0.0    8  10062  16803  557    6  557 159.13 
14:19:22  29.0   0.0   0.4  70.6   0.0    7   9806  16573  537    6  537 157.85 
14:19:23  27.1   0.0   0.4  71.0   1.6    7   9764  15300  514    8  514 149.32 
14:19:24  29.5   0.0   0.3  70.2   0.0    7   9892  15966  562    6  562 160.53 
14:19:25  29.0   0.0   0.6  70.4   0.0    7   9620  15920  552    6  552 158.33 
14:19:26  26.7   0.0   0.4  73.0   0.0    7   9839  15680  504    8  504 146.36 
14:19:27  28.9   0.0   0.4  70.7   0.0    7  10101  16362  562    6  562 160.31 
14:19:28  29.2   0.0   0.3  70.3   0.2    7   9893  16251  547    6  547 159.33 
14:19:29  27.3   0.0   0.3  72.5   0.0    7  10242  15390  509    8  509 151.90 
  Time    User  Nice   Sys  Idle    IO  Run Ctxt/s  IRQ/s Fork Exec Exit  Watts
14:19:30  29.1   0.0   0.4  70.4   0.0    8  10264  16499  567    6  567 160.12 
14:19:31  29.4   0.0   0.3  70.3   0.0    7   9972  15830  557    6  557 160.74 
14:19:32  29.3   0.0   0.3  70.3   0.0    7  10409  15705  542    6  542 160.79 
14:19:33  29.2   0.0   0.4  70.5   0.0    7  10532  16309  532    6  532 159.93 
14:19:34  29.2   0.0   0.5  70.3   0.0    7  10072  16097  512    6  512 159.13 
14:19:35  29.3   0.0   0.3  70.4   0.0    7   9767  15251  512    6  512 161.55 
14:19:36  27.0   0.0   0.5  72.5   0.0    7   9844  15579  509    8  509 148.94 
14:19:37  29.1   0.0   0.4  70.6   0.0    2  10235  16647  552    6  557 158.74 
14:19:38  29.3   0.0   0.3  70.3   0.0    7  10808  17371  552    6  547 162.05 
14:19:39  27.4   0.0   0.3  72.3   0.0    7  10389  16497  504    8  504 149.80 
14:19:40  29.2   0.0   0.3  70.5   0.1    7   9735  16834  567    6  567 161.28 
14:19:41  29.2   0.0   0.4  70.4   0.0    8   9776  16406  552    6  552 161.02 
14:19:42  29.2   0.0   0.4  70.5   0.0    7  10284  17227  542    6  542 160.16 
14:19:43  27.0   0.0   0.3  72.7   0.0    7   9878  16563  519    8  519 149.05 
14:19:44  29.4   0.0   0.3  70.3   0.0    7  10064  16510  557    6  557 160.41 
14:19:45  29.1   0.0   0.5  70.4   0.0    7  10794  16979  542    6  542 161.79 
14:19:46  29.2   0.0   0.5  70.3   0.1    2  10161  16865  532    6  533 160.67 
14:19:47  29.1   0.0   0.4  70.5   0.0    7   9280  15619  527    6  526 158.84 
14:19:48  26.6   0.0   0.6  72.9   0.0    7  10155  15726  519    8  519 148.96 
14:19:49  29.3   0.0   0.4  70.3   0.0    8  10140  16628  557    6  557 159.11 
14:19:50  29.3   0.0   0.3  70.4   0.0    7  10332  16180  543    6  547 159.23 
14:19:51  27.1   0.0   0.4  72.6   0.0    7  10169  15892  498    8  494 150.34 
14:19:52  29.2   0.0   0.4  70.3   0.1    7  10370  15840  562    6  562 157.30 
  Time    User  Nice   Sys  Idle    IO  Run Ctxt/s  IRQ/s Fork Exec Exit  Watts
14:19:53  27.2   0.0   0.3  72.5   0.0    7  10149  15481  509    8  509 149.54 
14:19:54  29.3   0.0   0.4  70.2   0.0    7  10071  16317  572    6  572 159.02 
14:19:55  29.4   0.0   0.3  70.3   0.0    7  10170  16231  552    6  552 159.65 
14:19:56  29.4   0.0   0.3  70.3   0.0    7  10245  15441  542    6  542 159.37 
14:19:57  27.2   0.0   0.3  72.6   0.0    7  10139  15492  509    8  509 151.05 
14:19:58  29.3   0.0   0.2  70.4   0.1    2  10012  16191  562    6  563 159.99 
14:19:59  29.3   0.0   0.4  70.3   0.0    8  10028  15792  557    6  556 161.72 
14:20:00  29.2   0.0   0.3  70.5   0.0    7  10866  16549  537    6  537 160.36 
14:20:01  26.6   0.0   0.5  72.9   0.0    7   9950  15945  504    8  504 145.52 
14:20:02  28.7   0.0   0.5  70.8   0.0    7  10064  16122  562    6  562 159.63 
14:20:03  29.1   0.0   0.4  70.5   0.0    7  10705  16375  547    6  547 159.87 
14:20:04  29.3   0.0   0.3  70.3   0.1    7  10314  16383  542    6  542 161.27 
14:20:05  29.2   0.0   0.3  70.5   0.0    7  10162  15904  527    6  527 162.02 
14:20:06  29.4   0.0   0.2  70.4   0.0    7  10463  15954  512    6  512 160.58 
14:20:07  29.4   0.0   0.2  70.3   0.0    7  10130  16304  510    6  512 159.82 
14:20:08  27.0   0.0   0.5  72.5   0.0    7   9818  16262  506    8  504 150.79 
14:20:09  29.3   0.0   0.4  70.2   0.0    7   9682  16470  567    6  567 162.70 
14:20:10  29.3   0.0   0.5  70.2   0.1    7  10277  16044  552    6  552 160.68 
14:20:11  27.0   0.0   0.4  72.6   0.0    7  10507  15693  509    8  509 150.48 
14:20:12  29.4   0.0   0.3  70.3   0.0    7   9569  15545  562    6  562 159.00 
14:20:13  29.3   0.0   0.3  70.5   0.0    8  10440  15994  552    6  552 160.17 
14:20:14  29.2   0.0   0.3  70.5   0.0    7  10842  16492  542    6  542 159.62 
14:20:15  29.1   0.0   0.4  70.3   0.2    7   9629  15357  536    9  534 160.08 
  Time    User  Nice   Sys  Idle    IO  Run Ctxt/s  IRQ/s Fork Exec Exit  Watts
14:20:16  27.1   0.0   0.4  72.5   0.0    7  10266  15475  509    8  509 150.16 
14:20:17  29.2   0.0   0.4  70.4   0.0    7  10280  16493  562    6  562 158.69 
14:20:18  29.5   0.0   0.2  70.2   0.0    2  10323  16481  542    6  542 158.22 
14:20:19  27.1   0.0   0.3  72.6   0.0    7  10137  16645  519    8  519 148.54 
14:20:20  29.6   0.0   0.3  70.1   0.0    8   9628  16109  562    6  562 157.97 
14:20:21  29.4   0.0   0.3  70.3   0.1    7  10328  16519  547    6  547 157.25 
14:20:22  29.2   0.0   0.3  70.5   0.0    7  10879  16289  532    6  532 159.59 
14:20:23  29.1   0.0   0.4  70.6   0.0    7   9514  15778  527    6  527 159.64 
14:20:24  29.2   0.0   0.4  70.5   0.0    7   9812  16082  510    6  512 158.01 
14:20:25  27.2   0.0   0.5  72.3   0.0    7   9904  15475  506    8  504 152.22 
14:20:26  29.1   0.0   0.4  69.8   0.7    7  10125  16559  567    6  567 160.31 
14:20:27  26.8   0.0   0.3  72.9   0.0    7   9953  15713  509    8  509 148.99 
14:20:28  29.3   0.0   0.4  70.3   0.0    7   9845  16258  557    6  557 158.59 
14:20:29  29.2   0.0   0.3  70.4   0.0    7   9343  16395  552    6  552 160.13 
14:20:30  26.9   0.0   0.5  72.7   0.0    7  10133  15813  514    8  514 149.47 
14:20:31  29.1   0.0   0.3  70.6   0.0    7  10321  16283  562    6  562 161.31 
14:20:32  28.9   0.0   0.4  69.8   0.9    7  10316  16153  547    6  547 161.56 
14:20:33  29.3   0.0   0.3  69.5   0.9    7  11155  17231  537    6  537 158.68 
14:20:34   4.2   0.0   0.1  95.7   0.0    1   1921   2880   78    7   84  26.15 
14:20:35   0.1   0.0   0.2  99.8   0.0    1    295    462    7    6    7   3.01 
14:20:36   0.1   0.0   0.1  99.8   0.0    1    284    342    7    6    7   2.92 
14:20:37   0.1   0.0   0.1  99.8   0.0    1    247    286    7    6    7   2.82 
14:20:38   0.1   0.0   0.1  99.7   0.1    1    304    372    7    6    7   3.10 
  Time    User  Nice   Sys  Idle    IO  Run Ctxt/s  IRQ/s Fork Exec Exit  Watts
14:20:39   0.1   0.0   0.2  99.8   0.0    1    241    299    7    6    7   2.83 
14:20:40   0.1   0.0   0.1  99.8   0.0    1    246    292    7    6    7   2.86 
-------- ----- ----- ----- ----- ----- ---- ------ ------ ---- ---- ---- ------ 
 Average  28.3   0.0   0.4  71.2   0.2  6.8 10110.8 16072.8 532.8  6.7 532.8 155.79 
 GeoMean  26.8   0.0   0.3  71.2   0.0  6.5 9824.2 15583.5 513.6  0.0 513.7 150.84 
  StdDev   3.2   0.0   0.1   3.3   0.6  1.4 1115.4 1747.9 61.9  2.6 61.8  17.13 
-------- ----- ----- ----- ----- ----- ---- ------ ------ ---- ---- ---- ------ 
 Minimum   0.1   0.0   0.1  64.3   0.0  1.0  241.0  286.0  7.0  0.0  7.0   2.82 
 Maximum  30.5   0.0   0.7  99.8   6.1 11.0 12052.0 18177.0 644.0 65.0 644.0 166.03 
-------- ----- ----- ----- ----- ----- ---- ------ ------ ---- ---- ---- ------ 
Summary:
CPU: 155.79 Watts on average with standard deviation 17.13 
Note: power read from RAPL domains: uncore, pkg-0, core.
These readings do not cover all the hardware in this device.
