Running for 600.0 seconds (600 samples at 1.0 second intervals).
Power measurements will start in 0 seconds time.

  Time    User  Nice   Sys  Idle    IO  Run Ctxt/s  IRQ/s Fork Exec Exit  Watts
14:32:13   0.6   0.0   4.6  94.9   0.0    2   2983   2604   16    7    7  47.39 
14:32:14  20.5   0.0   0.6  76.3   2.6    8   1826   6409   50    0   45 135.43 
14:32:15  29.8   0.0   0.1  70.1   0.0    7   3405  10094  142    6  142 181.16 
14:32:16  29.9   0.0   0.1  70.0   0.0    8   3096   9687  142    6  142 181.96 
14:32:17  29.9   0.0   0.1  70.0   0.0    7   2963   9470  137    6  137 181.83 
14:32:18  29.9   0.0   0.1  70.0   0.0    7   2859   9650  137    6  137 182.33 
14:32:19  29.8   0.0   0.1  70.1   0.0    7   3212   9563  137    6  137 182.08 
14:32:20  29.9   0.0   0.1  68.3   1.7    7   3149   9711  137    6  137 181.12 
14:32:21  29.9   0.0   0.1  70.0   0.0    7   2718   9334  137    6  137 181.28 
14:32:22  29.9   0.0   0.1  70.0   0.0    7   2187   9163  132    6  132 181.26 
14:32:23  29.9   0.0   0.1  70.0   0.0    7   2416   9175  132    6  132 181.03 
14:32:24  29.9   0.0   0.1  70.1   0.0    7   3016   9333  132    6  132 181.22 
14:32:25  29.9   0.0   0.1  70.0   0.0    7   3741   9828  132    6  132 180.37 
14:32:26  29.9   0.0   0.1  69.9   0.1    7   3085   9460  127    6  127 180.08 
14:32:27  29.9   0.0   0.1  70.0   0.0    7   2881   9331  127    6  127 179.91 
14:32:28  29.9   0.0   0.1  70.0   0.0    7   2675   9235  127    6  127 179.95 
14:32:29  29.9   0.0   0.1  70.0   0.0    7   2873   9609  122    6  122 178.11 
14:32:30  29.9   0.0   0.1  70.0   0.0    7   3110   9845  124    6  122 180.75 
14:32:31  29.9   0.0   0.1  70.0   0.0    7   3238   9672  127    6  127 180.54 
14:32:32  29.9   0.0   0.1  69.9   0.1    7   3192   9581  122    6  122 179.43 
14:32:33  29.9   0.0   0.1  70.0   0.0    7   2628   9288  117    6  117 178.28 
14:32:34  29.9   0.0   0.1  69.8   0.2    7   2909   9476  122    6  122 178.99 
14:32:35  30.0   0.0   0.1  69.8   0.2    7   2469   9083  117    6  117 180.40 
  Time    User  Nice   Sys  Idle    IO  Run Ctxt/s  IRQ/s Fork Exec Exit  Watts
14:32:36  29.4   0.0   0.1  70.5   0.0    7   3549   9891  124    8  124 178.49 
14:32:37  29.9   0.0   0.1  69.7   0.3    7   2964   9829  142    6  142 186.12 
14:32:38  29.9   0.0   0.1  69.8   0.2    7   3380   9898  142    6  142 188.24 
14:32:39  29.9   0.0   0.1  70.0   0.0    7   2667   9416  137    6  137 186.11 
14:32:40  29.9   0.0   0.1  70.0   0.0    7   2669   9365  142    6  142 186.00 
14:32:41  29.9   0.0   0.1  70.0   0.0    8   3369   9697  137    6  137 186.25 
14:32:42  29.9   0.0   0.1  69.9   0.0    7   3437   9842  137    6  137 186.35 
14:32:43  29.8   0.0   0.1  70.1   0.0    7   3036   9510  132    6  132 184.08 
14:32:44  30.0   0.0   0.0  68.3   1.6    7   2449   8941  137    6  137 185.59 
14:32:45  29.7   0.0   0.2  70.1   0.0    7   2381   9118  132    6  132 183.58 
14:32:46  29.9   0.0   0.1  70.0   0.0    7   2346   9115  127    6  127 182.55 
14:32:47  29.9   0.0   0.1  70.0   0.0    7   3495   9954  132    6  132 184.26 
14:32:48  29.8   0.0   0.1  70.1   0.0    7   2380   9341  127    6  127 177.89 
14:32:49  29.9   0.0   0.1  70.0   0.0    7   2588   9165  127    6  127 181.49 
14:32:50  29.9   0.0   0.1  69.0   1.1    7   2893   9571  127    6  127 181.81 
14:32:51  29.1   0.0   0.1  70.8   0.0    7   3142   9585  134    8  134 179.04 
14:32:52  29.8   0.0   0.1  70.1   0.0    7   3090   9684  142    6  142 187.39 
14:32:53  29.9   0.0   0.1  70.0   0.0    8   3303   9808  142    6  142 187.92 
14:32:54  29.9   0.0   0.1  70.0   0.0    7   2912   9308  137    6  137 185.94 
14:32:55  29.8   0.0   0.1  70.1   0.0    7   2707   9463  137    6  137 184.73 
14:32:56  29.9   0.0   0.1  69.9   0.1    7   2230   8956  137    6  137 185.36 
14:32:57  29.9   0.0   0.1  70.0   0.0    7   1907   8622  137    6  137 186.80 
14:32:58  29.9   0.0   0.1  70.0   0.0    7   2438   8987  132    6  132 184.34 
  Time    User  Nice   Sys  Idle    IO  Run Ctxt/s  IRQ/s Fork Exec Exit  Watts
14:32:59  29.9   0.0   0.1  70.0   0.0    7   3040   9517  132    6  132 184.38 
14:33:00  29.9   0.0   0.1  70.1   0.0    7   2233   8974  132    6  132 181.98 
14:33:01  29.9   0.0   0.1  70.0   0.0    7   2192   8950  127    6  127 185.06 
14:33:02  29.9   0.0   0.1  70.0   0.1    7   2901   9459  132    6  132 183.64 
14:33:03  29.9   0.0   0.1  70.0   0.0    7   2956   9483  127    6  127 185.63 
14:33:04  29.9   0.0   0.1  70.0   0.0    7   3373   9750  127    6  127 182.09 
14:33:05  29.9   0.0   0.1  70.0   0.0    7   2985   9575  127    6  127 182.27 
14:33:06  29.9   0.0   0.1  70.0   0.0    7   2875   9626  122    6  122 182.17 
14:33:07  29.9   0.0   0.1  70.0   0.0    7   3199   9730  122    6  122 183.73 
14:33:08  29.9   0.0   0.1  69.8   0.1    7   3049   9624  122    6  122 182.53 
14:33:09  29.9   0.0   0.1  70.1   0.0    7   2645   9455  122    6  122 182.17 
14:33:10  29.9   0.0   0.2  70.0   0.0    7   2519   9542  122    6  122 181.53 
14:33:11  29.8   0.0   0.1  70.1   0.0    7   3330  10103  117    6  117 179.76 
14:33:12  29.4   0.0   0.1  70.5   0.0    7   3343   9699  134    8  134 184.12 
14:33:13  29.9   0.0   0.1  70.0   0.0    7   2639   9280  142    6  142 186.32 
14:33:14  29.8   0.0   0.1  70.1   0.1    7   3237   9494  142    6  142 188.41 
14:33:15  29.9   0.0   0.1  70.1   0.0    7   3020   9461  137    6  137 187.11 
14:33:16  29.9   0.0   0.1  70.1   0.0    7   3225   9446  137    6  137 189.52 
14:33:17  29.9   0.0   0.1  70.0   0.0    7   2742   9247  137    6  137 185.67 
14:33:18  29.9   0.0   0.1  70.1   0.0    7   2927   9328  137    6  137 187.07 
14:33:19  29.9   0.0   0.1  70.0   0.0    7   2431   9162  132    6  132 184.60 
14:33:20  29.8   0.0   0.1  70.0   0.1    7   2244   9113  132    6  132 185.32 
14:33:21  29.8   0.0   0.1  70.1   0.0    7   2269   9146  132    6  132 183.15 
  Time    User  Nice   Sys  Idle    IO  Run Ctxt/s  IRQ/s Fork Exec Exit  Watts
14:33:22  29.9   0.0   0.1  70.0   0.1    7   2429   9220  127    6  127 186.23 
14:33:23  29.9   0.0   0.1  70.0   0.0    7   3302   9552  132    6  132 185.51 
14:33:24  29.9   0.0   0.1  70.0   0.0    7   2683   9425  127    6  127 183.25 
14:33:25  29.9   0.0   0.1  69.9   0.1    7   2860   9370  127    6  127 186.06 
14:33:26  29.9   0.0   0.1  70.0   0.0    8   3575   9758  127    6  127 184.80 
14:33:27  29.9   0.0   0.1  70.0   0.0    7   2831   9694  122    6  122 181.15 
14:33:28  29.8   0.0   0.2  70.0   0.0    7   2884   9478  122    6  122 184.06 
14:33:29  29.4   0.0   0.1  70.5   0.0    2   3253  10035  119    8  124 178.28 
14:33:30  29.9   0.0   0.1  70.1   0.0    7   3441   9946  142    6  137 188.71 
14:33:31  29.7   0.0   0.2  69.9   0.2    7   3270   9706  142    6  142 188.63 
14:33:32  29.9   0.0   0.1  70.0   0.0    8   3721   9991  142    6  142 190.17 
14:33:33  29.9   0.0   0.1  70.1   0.0    7   2534   9331  137    6  137 190.36 
14:33:34  29.9   0.0   0.1  70.0   0.0    7   3145   9820  137    6  137 187.84 
14:33:35  29.9   0.0   0.1  70.0   0.0    7   3083   9416  137    6  137 187.46 
14:33:36  29.8   0.0   0.2  70.0   0.0    7   3786   9940  142    6  137 189.09 
14:33:37  29.8   0.0   0.2  69.9   0.2    7   2445   9267  132    6  132 185.50 
14:33:38  29.9   0.0   0.1  70.1   0.0    7   2096   9061  132    6  132 185.40 
14:33:39  29.8   0.0   0.1  70.1   0.0    7   2000   9162  132    6  136 184.10 
14:33:40  29.9   0.0   0.1  70.0   0.0    7   2169   9195  127    6  127 184.54 
14:33:41  29.9   0.0   0.1  70.1   0.0    7   2813   9444  127    6  127 184.23 
14:33:42  30.0   0.0   0.0  70.0   0.0    7   2235   8985  132    6  132 186.58 
14:33:43  29.9   0.0   0.1  69.8   0.1    7   2321   9251  122    6  122 182.92 
14:33:44  29.8   0.0   0.1  70.1   0.0    7   2728   9575  127    6  127 182.19 
  Time    User  Nice   Sys  Idle    IO  Run Ctxt/s  IRQ/s Fork Exec Exit  Watts
14:33:45  29.9   0.0   0.1  70.0   0.0    7   2822   9476  122    6  122 183.60 
14:33:46  29.3   0.0   0.2  70.6   0.0    7   3187   9714  129    8  129 181.78 
14:33:47  29.9   0.0   0.1  70.0   0.0    7   2797   9380  142    6  142 188.54 
14:33:48  29.9   0.0   0.1  69.3   0.8    7   2875   9541  144    6  142 189.41 
14:33:49  29.8   0.0   0.2  68.6   1.4    7   2939   9697  137    6  139 187.51 
14:33:50  29.8   0.0   0.1  70.1   0.0    7   3086   9486  142    6  142 187.95 
14:33:51  30.0   0.0   0.1  69.9   0.0    7   5592  21373  129    6  127 233.03 
14:33:52  29.9   0.0   0.1  70.0   0.0    7   2773   9498  132    6  132 189.42 
14:33:53  29.8   0.0   0.2  70.1   0.0    7   3000   9656  137    6  137 186.97 
14:33:54  29.8   0.0   0.1  70.0   0.1    7   3332   9730  132    6  133 187.67 
14:33:55  29.8   0.0   0.1  70.1   0.0    7   2763   9421  132    6  132 184.18 
14:33:56  29.9   0.0   0.1  70.0   0.0    7   2111   8829  137    6  137 187.33 
14:33:57  29.9   0.0   0.1  70.1   0.0    7   3233  10010  127    6  127 181.60 
14:33:58  29.8   0.0   0.2  70.0   0.0    7   2936   9726  127    6  127 184.64 
14:33:59  29.9   0.0   0.1  70.0   0.0    7   3191   9619  127    6  127 185.15 
14:34:00  29.9   0.0   0.1  69.9   0.1    7   2949   9484  127    6  127 184.77 
14:34:01  29.9   0.0   0.1  70.0   0.0    7   2894   9510  127    6  127 182.61 
14:34:02  29.9   0.0   0.1  70.1   0.0    7   2715   9602  123    6  122 181.60 
14:34:03  29.9   0.0   0.1  70.0   0.0    7   2391   9343  122    6  122 181.45 
14:34:04  29.4   0.0   0.1  70.2   0.2    7   3634   9929  139    8  139 186.50 
14:34:05  29.9   0.0   0.1  70.1   0.0    7   3456   9559  142    6  142 189.55 
14:34:06  29.8   0.0   0.2  70.1   0.0    7   3655   9779  142    6  142 190.00 
14:34:07  29.9   0.0   0.1  70.0   0.0    7   3228   9548  142    6  142 189.44 
  Time    User  Nice   Sys  Idle    IO  Run Ctxt/s  IRQ/s Fork Exec Exit  Watts
14:34:08  29.9   0.0   0.1  70.0   0.0    7   2197   8944  137    6  137 185.77 
14:34:09  29.8   0.0   0.1  68.7   1.4    7   2654   9325  132    6  132 186.23 
14:34:10  29.9   0.0   0.1  69.2   0.7    7   2120   8896  137    6  137 187.55 
14:34:11  29.9   0.0   0.1  70.0   0.0    7   3061   9358  137    6  137 187.56 
14:34:12  29.9   0.0   0.1  70.0   0.0    7   2551   9399  132    6  132 187.67 
14:34:13  29.8   0.0   0.2  70.0   0.0    7   2318   9129  132    6  132 184.91 
14:34:14  29.9   0.0   0.1  70.0   0.0    7   2618   9378  132    6  132 185.41 
14:34:15  29.9   0.0   0.1  69.9   0.1    7   2282   9009  127    6  127 184.50 
14:34:16  29.9   0.0   0.1  70.0   0.0    7   1996   9034  127    6  127 182.55 
14:34:17  29.9   0.0   0.1  70.0   0.0    7   2297   9191  127    6  127 182.12 
14:34:18  29.9   0.0   0.1  70.1   0.0    7   2913   9828  127    6  127 181.87 
14:34:19  29.9   0.0   0.1  70.0   0.0    7   2677   9440  122    6  122 185.02 
14:34:20  29.8   0.0   0.1  70.1   0.0    7   3211   9946  122    6  122 181.33 
14:34:21  29.9   0.0   0.1  70.0   0.0    7   2504   9577  122    6  122 181.58 
14:34:22  30.0   0.0   0.1  70.0   0.0    7   2676   9579  122    6  122 182.28 
14:34:23  29.3   0.0   0.1  70.6   0.0    7   4050  10058  139    8  139 186.41 
14:34:24  29.9   0.0   0.1  70.0   0.0    7   3686  10007  142    6  142 190.70 
14:34:25  29.9   0.0   0.1  70.0   0.0    7   3024   9705  142    6  142 188.73 
14:34:26  29.9   0.0   0.1  70.0   0.0    7   2869   9524  137    6  137 188.21 
14:34:27  29.8   0.0   0.1  69.9   0.1    7   3224   9771  142    6  142 188.46 
14:34:28  29.9   0.0   0.1  70.1   0.0    7   2955   9272  132    6  132 186.40 
14:34:29  29.9   0.0   0.1  70.0   0.0    7   2192   8837  142    6  142 189.29 
14:34:30  30.0   0.0   0.0  70.0   0.0    7   2660   9364  134    6  132 188.15 
  Time    User  Nice   Sys  Idle    IO  Run Ctxt/s  IRQ/s Fork Exec Exit  Watts
14:34:31  29.9   0.0   0.1  70.0   0.0    7   2262   9095  132    6  132 187.19 
14:34:32  29.9   0.0   0.1  70.0   0.0    7   2693   9455  132    6  132 185.97 
14:34:33  29.9   0.0   0.1  69.9   0.0    7   2934   9633  132    6  132 185.66 
14:34:34  30.0   0.0   0.1  70.0   0.0    7   2382   9360  127    6  127 183.90 
14:34:35  29.8   0.0   0.1  70.1   0.0    7   3255   9878  127    6  127 185.98 
14:34:36  29.9   0.0   0.1  70.1   0.0    7   2767   9509  127    6  127 184.71 
14:34:37  29.9   0.0   0.1  70.0   0.0    7   3290   9892  127    6  127 183.83 
14:34:38  29.8   0.0   0.2  70.0   0.0    7   3084  10060  122    6  122 180.73 
14:34:39  29.9   0.0   0.1  69.8   0.1    7   3236   9741  122    6  122 183.66 
14:34:40  29.8   0.0   0.1  70.1   0.0    7   2523   9520  122    6  122 180.41 
14:34:41  29.3   0.0   0.2  70.5   0.0    7   3750   9988  134    8  134 184.23 
14:34:42  29.8   0.0   0.1  70.1   0.0    7   2731   9646  142    6  142 188.45 
14:34:43  29.9   0.0   0.1  70.0   0.0    7   2512   9380  137    6  137 186.72 
14:34:44  29.9   0.0   0.1  69.9   0.1    7   3495   9617  142    6  142 189.82 
14:34:45  29.9   0.0   0.1  70.0   0.0    7   2873   9563  137    6  137 188.28 
14:34:46  29.9   0.0   0.1  70.0   0.0    7   3259   9672  137    6  137 188.81 
14:34:47  29.8   0.0   0.2  70.0   0.0    7   3628  10127  137    6  137 187.40 
14:34:48  29.9   0.0   0.1  70.0   0.0    7   2688   9614  137    6  137 188.92 
14:34:49  30.0   0.0   0.1  70.0   0.0    7   2858   9483  132    6  132 184.46 
14:34:50  29.8   0.0   0.2  70.0   0.1    7   2650   9320  127    6  127 184.82 
14:34:51  29.9   0.0   0.1  70.0   0.1    7   2834   9056  132    6  132 185.41 
14:34:52  29.9   0.0   0.1  70.0   0.0    7   2702   9213  132    6  132 186.76 
14:34:53  29.9   0.0   0.1  70.0   0.0    8   2772   9319  121    0  121 185.01 
  Time    User  Nice   Sys  Idle    IO  Run Ctxt/s  IRQ/s Fork Exec Exit  Watts
14:34:54  29.9   0.0   0.1  70.0   0.0    7   3064   9690  126    6  126 183.67 
14:34:55  29.9   0.0   0.1  70.0   0.0    7   2533   9500  127    6  127 183.29 
14:34:56  29.9   0.0   0.1  70.0   0.0    7   2588   9138  122    6  122 182.87 
14:34:57  29.9   0.0   0.1  69.9   0.1    7   2126   9069  127    6  127 184.78 
14:34:58  29.8   0.0   0.2  70.0   0.0    7   2339   9211  117    6  117 180.44 
14:34:59  30.0   0.0   0.1  70.0   0.0    7   3230   9637  122    6  122 183.41 
14:35:00  29.9   0.0   0.1  70.0   0.0    7   2638   9248  122    6  122 182.93 
14:35:01  29.9   0.0   0.2  69.8   0.2    7   2496   9292  125    8  125 182.36 
14:35:02  29.9   0.0   0.1  70.0   0.0    7   2970   9801  117    6  117 181.94 
14:35:03  29.8   0.0   0.1  70.1   0.0    7   2506   9408  117    6  117 181.97 
14:35:04  29.9   0.0   0.1  70.0   0.0    7   2571   9373  117    6  117 180.52 
14:35:05  29.9   0.0   0.1  70.0   0.0    7   2842   9532  117    6  117 181.17 
14:35:06  29.4   0.0   0.1  70.3   0.2    7   3534   9798  129    8  129 184.37 
14:35:07  29.8   0.0   0.1  70.1   0.0    7   2677   9288  142    6  142 190.61 
14:35:08  29.9   0.0   0.1  70.0   0.0    7   3176   9572  142    6  142 190.30 
14:35:09  29.9   0.0   0.1  70.0   0.0    7   3200   9562  137    6  137 189.29 
14:35:10  29.8   0.0   0.2  70.0   0.0    7   3102   9443  142    6  142 187.88 
14:35:11  29.9   0.0   0.1  70.0   0.0    7   2385   9029  137    6  137 188.59 
14:35:12  29.9   0.0   0.2  69.8   0.2    7   3385   9844  132    6  132 186.10 
14:35:13  29.9   0.0   0.1  70.0   0.0    7   2551   9298  137    6  137 186.82 
14:35:14  29.9   0.0   0.1  70.0   0.0    7   2388   9270  132    6  132 187.17 
14:35:15  29.9   0.0   0.1  70.0   0.0    7   2041   9046  132    6  132 185.43 
14:35:16  29.9   0.0   0.1  70.1   0.0    7   2217   9118  132    6  132 183.56 
  Time    User  Nice   Sys  Idle    IO  Run Ctxt/s  IRQ/s Fork Exec Exit  Watts
14:35:17  29.9   0.0   0.2  70.0   0.0    7   2225   9230  127    6  127 183.79 
14:35:18  30.0   0.0   0.0  69.9   0.2    7   2726   9599  127    6  127 184.09 
14:35:19  29.9   0.0   0.1  70.0   0.0    7   2874   9489  127    6  127 183.06 
14:35:20  29.9   0.0   0.1  70.0   0.0    7   2782   9597  127    6  127 182.55 
14:35:21  29.9   0.0   0.2  70.0   0.0    7   2636   9560  122    6  122 182.04 
14:35:22  29.9   0.0   0.1  70.0   0.0    7   2492   9414  122    6  122 180.22 
14:35:23  29.4   0.0   0.2  70.5   0.0    7   3569   9710  129    8  129 183.09 
14:35:24  29.9   0.0   0.1  68.3   1.7    7   3403   9907  142    6  142 189.66 
14:35:25  29.9   0.0   0.1  70.0   0.0    7   2818   9618  142    6  142 187.50 
14:35:26  29.9   0.0   0.1  70.0   0.0    7   3263  10011  137    6  137 186.43 
14:35:27  29.8   0.0   0.2  70.0   0.0    7   3068   9771  137    6  137 187.66 
14:35:28  30.0   0.0   0.1  70.0   0.0    7   2992   9523  137    6  137 187.85 
14:35:29  29.8   0.0   0.1  70.1   0.0    7   2999   9641  137    6  137 187.89 
14:35:30  29.9   0.0   0.1  69.8   0.1    7   3306   9610  137    6  137 186.09 
14:35:31  29.9   0.0   0.1  70.0   0.0    7   2557   9324  132    6  132 186.17 
14:35:32  29.9   0.0   0.1  70.0   0.0    7   2955   9459  132    6  132 183.92 
14:35:33  29.9   0.0   0.1  70.0   0.0    7   2739   9503  127    6  127 184.92 
14:35:34  29.8   0.0   0.1  70.1   0.0    7   2364   8994  132    6  132 185.52 
14:35:35  29.9   0.0   0.1  67.2   2.9    7   1933   8716  132    6  132 186.90 
14:35:36  29.9   0.0   0.1  70.0   0.0    7   2312   8926  127    6  127 184.55 
14:35:37  29.9   0.0   0.1  70.0   0.0    7   2193   8973  127    6  127 185.17 
14:35:38  30.0   0.0   0.0  70.0   0.0    7   2030   9147  122    6  122 183.21 
14:35:39  29.9   0.0   0.1  70.0   0.0    7   2299   8923  127    6  127 183.79 
  Time    User  Nice   Sys  Idle    IO  Run Ctxt/s  IRQ/s Fork Exec Exit  Watts
14:35:40  29.9   0.0   0.1  70.1   0.0    7   2844   9600  122    6  122 180.63 
14:35:41  29.9   0.0   0.1  69.9   0.1    7   2478   9374  122    6  123 183.08 
14:35:42  29.8   0.0   0.1  70.1   0.0    7   3184   9702  122    6  122 182.64 
14:35:43  29.9   0.0   0.1  70.0   0.0    7   3116   9807  117    6  117 180.68 
14:35:44  29.8   0.0   0.2  70.0   0.0    7   2842   9317  122    6  122 181.71 
14:35:45  29.9   0.0   0.1  70.0   0.0    8   2483   9294  117    6  117 180.88 
14:35:46  29.9   0.0   0.1  70.0   0.0    8   3328   9915  117    6  117 180.87 
14:35:47  29.9   0.0   0.1  69.9   0.1    7   2366   9311  117    6  117 180.70 
14:35:48  29.9   0.0   0.1  70.0   0.0    7   2440   9285  112    6  112 179.57 
14:35:49  29.3   0.0   0.1  70.6   0.0    7   3284  10057  119    8  119 178.75 
14:35:50  29.9   0.0   0.1  70.0   0.0    7   3858  10060  142    6  142 191.99 
14:35:51  29.9   0.0   0.1  70.0   0.0    7   3149   9614  142    6  142 190.15 
14:35:52  29.9   0.0   0.1  70.0   0.0    7   3129   9492  142    6  142 189.80 
14:35:53  29.9   0.0   0.1  69.9   0.1    7   3275   9737  137    6  137 187.28 
14:35:54  29.9   0.0   0.1  70.0   0.0    7   2823   9321  137    6  137 186.92 
14:35:55  29.8   0.0   0.1  70.1   0.0    7   3334   9635  137    6  137 187.08 
14:35:56  29.9   0.0   0.1  70.0   0.0    7   3111   9675  137    6  137 185.34 
14:35:57  29.9   0.0   0.2  70.0   0.0    7   2138   8970  132    6  132 185.51 
14:35:58  29.9   0.0   0.1  70.0   0.0    7   3105   9697  132    6  132 187.16 
14:35:59  29.9   0.0   0.1  67.3   2.8    7   2978   9699  132    6  132 186.55 
14:36:00  29.9   0.0   0.1  68.9   1.0    7   2807   9505  132    6  132 186.03 
14:36:01  29.9   0.0   0.1  70.0   0.0    7   3233   9918  127    6  127 182.14 
14:36:02  29.9   0.0   0.1  70.0   0.0    7   3219   9633  127    6  127 183.63 
  Time    User  Nice   Sys  Idle    IO  Run Ctxt/s  IRQ/s Fork Exec Exit  Watts
14:36:03  29.9   0.0   0.1  70.0   0.0    7   2853   9600  122    6  122 182.97 
14:36:04  30.0   0.0   0.1  70.0   0.0    7   2909   9952  127    6  127 182.96 
14:36:05  29.8   0.0   0.1  69.9   0.2    7   2131   9345  122    6  122 182.40 
14:36:06  29.9   0.0   0.1  70.0   0.0    7   2114   9187  122    6  122 180.83 
14:36:07  29.9   0.0   0.1  70.0   0.0    7   2994   9514  122    6  122 182.59 
14:36:08  29.4   0.0   0.2  70.4   0.0    7   3593  10091  129    8  129 181.82 
14:36:09  29.9   0.0   0.1  70.0   0.0    7   3311  10141  142    6  142 190.17 
14:36:10  29.7   0.0   0.2  67.6   2.5    7   3151   9793  142    6  142 188.03 
14:36:11  29.9   0.0   0.1  66.0   4.0    7   2512   9490  137    6  137 186.99 
14:36:12  29.9   0.0   0.1  70.0   0.0    8   2366   9296  142    6  142 187.83 
14:36:13  29.8   0.0   0.2  70.0   0.0    7   2992   9667  137    6  137 186.78 
14:36:14  29.9   0.0   0.1  70.0   0.0    7   2402   9338  137    6  137 189.27 
14:36:15  29.8   0.0   0.2  70.1   0.0    7   2511   9165  132    6  132 185.05 
14:36:16  29.9   0.0   0.1  69.9   0.1    7   2755   9545  133    6  137 186.14 
14:36:17  29.9   0.0   0.1  70.0   0.0    8   3440   9762  136    6  132 187.96 
14:36:18  29.9   0.0   0.1  70.0   0.0    7   2755   9490  127    6  127 183.45 
14:36:19  29.8   0.0   0.2  70.0   0.0    7   3310   9747  132    6  132 185.87 
14:36:20  29.9   0.0   0.1  70.0   0.0    7   2604   9104  127    6  127 187.35 
14:36:21  29.8   0.0   0.1  70.1   0.0    7   2512   9340  127    6  127 183.99 
14:36:22  29.9   0.0   0.1  70.0   0.1    7   2095   8996  127    6  127 183.44 
14:36:23  29.9   0.0   0.1  70.0   0.0    7   2697   9243  127    6  127 185.31 
14:36:24  29.9   0.0   0.1  70.0   0.0    7   2866   9449  122    6  122 183.29 
14:36:25  29.9   0.0   0.1  70.1   0.0    7   2488   9657  122    6  122 183.37 
  Time    User  Nice   Sys  Idle    IO  Run Ctxt/s  IRQ/s Fork Exec Exit  Watts
14:36:26  29.9   0.0   0.1  70.0   0.0    7   2539   9590  122    6  122 182.48 
14:36:27  29.9   0.0   0.1  70.0   0.0    7   2686   9454  122    6  122 181.83 
14:36:28  30.0   0.0   0.0  69.9   0.2    7   2302   9202  117    6  117 180.25 
14:36:29  29.9   0.0   0.2  70.0   0.0    7   2238   8947  122    6  122 181.78 
14:36:30  30.0   0.0   0.1  70.0   0.0    7   2278   9444  117    6  117 182.03 
14:36:31  29.5   0.0   0.1  70.4   0.0    7   3454   9857  129    8  129 183.22 
14:36:32  29.9   0.0   0.1  70.0   0.0    7   3159   9747  142    6  142 190.03 
14:36:33  29.9   0.0   0.1  70.0   0.0    7   3212   9736  142    6  142 188.93 
14:36:34  30.0   0.0   0.1  68.3   1.6    7   3203   9685  137    6  137 187.90 
14:36:35  29.9   0.0   0.1  69.9   0.1    7   3158   9574  142    6  142 188.66 
14:36:36  30.0   0.0   0.1  69.9   0.0    7   2346   9132  137    6  137 188.19 
14:36:37  29.9   0.0   0.1  70.0   0.0    7   2380   9228  137    6  137 186.32 
14:36:38  29.9   0.0   0.1  70.0   0.0    7   2653   9566  132    6  132 181.16 
14:36:39  29.9   0.0   0.1  70.0   0.0    7   2270   9439  127    6  127 179.96 
14:36:40  29.9   0.0   0.1  68.5   1.4    7   2892   9791  127    6  127 180.55 
14:36:41  30.0   0.0   0.1  68.4   1.6    7   2792   9758  127    6  127 181.69 
14:36:42  29.9   0.0   0.1  70.0   0.0    7   2748   9637  127    6  127 181.02 
14:36:43  29.8   0.0   0.2  70.0   0.0    7   2387   9305  127    6  127 181.68 
14:36:44  30.0   0.0   0.1  70.0   0.0    7   2524   9669  127    6  127 180.11 
14:36:45  30.0   0.0   0.1  70.0   0.0    7   3164   9956  122    6  122 182.99 
14:36:46  30.0   0.0   0.1  69.8   0.1    7   2747   9705  127    6  127 180.86 
14:36:47  30.0   0.0   0.1  70.0   0.0    7   2280   9221  122    6  124 180.05 
14:36:48  29.9   0.0   0.1  70.0   0.0    7   2055   9452  118    6  122 179.91 
  Time    User  Nice   Sys  Idle    IO  Run Ctxt/s  IRQ/s Fork Exec Exit  Watts
14:36:49  29.9   0.0   0.1  70.0   0.0    7   2916  10022  121    6  117 181.72 
14:36:50  29.9   0.0   0.1  69.9   0.0    7   2642   9517  122    6  122 180.77 
14:36:51  30.0   0.0   0.1  70.0   0.0    7   3225  10062  117    6  119 180.05 
14:36:52  29.9   0.0   0.1  69.9   0.1    7   2667   9815  117    6  117 180.02 
14:36:53  29.5   0.0   0.1  70.4   0.0    7   2682   9652  124    8  124 178.55 
14:36:54  30.1   0.0   0.0  69.9   0.0    7   2134   8848  142    6  142 189.05 
14:36:55  29.9   0.0   0.1  70.0   0.0    7   3054   9922  142    6  142 185.28 
14:36:56  30.0   0.0   0.1  69.9   0.0    7   2790   9956  137    6  137 186.02 
14:36:57  29.9   0.0   0.1  70.0   0.0    7   2840   9704  137    6  137 182.06 
14:36:58  30.0   0.0   0.1  69.8   0.1    7   2589   9356  136    6  137 186.15 
14:36:59  30.1   0.0   0.0  69.9   0.0    7   3374  10092  133    6  132 184.17 
14:37:00  30.0   0.0   0.1  69.9   0.0    7   1981   9287  127    6  127 179.67 
14:37:01  30.0   0.0   0.1  69.9   0.0    7   3364  10068  132    6  132 183.20 
14:37:02  29.9   0.0   0.1  70.0   0.0    7   2616   9457  132    6  132 181.14 
14:37:03  29.9   0.0   0.1  69.9   0.2    7   3082  10121  127    6  127 180.20 
14:37:04  30.0   0.0   0.1  69.9   0.0    7   2719   9786  127    6  127 180.55 
14:37:05  30.0   0.0   0.1  69.9   0.0    7   3023  10024  127    6  127 182.02 
14:37:06  30.0   0.0   0.1  69.9   0.0    7   2587   9680  122    6  122 180.55 
14:37:07  29.9   0.0   0.1  70.0   0.0    7   2771   9863  127    6  127 178.86 
14:37:08  29.9   0.0   0.1  70.0   0.0    7   2520   9677  122    6  122 179.87 
14:37:09  30.0   0.0   0.1  69.9   0.1    7   2513   9764  122    6  122 180.46 
14:37:10  30.0   0.0   0.1  70.0   0.0    7   2695   9704  122    6  122 181.00 
14:37:11  29.9   0.0   0.1  69.9   0.0    7   2970   9859  117    6  117 179.98 
  Time    User  Nice   Sys  Idle    IO  Run Ctxt/s  IRQ/s Fork Exec Exit  Watts
14:37:12  29.9   0.0   0.1  70.0   0.0    7   2590   9411  122    6  122 179.05 
14:37:13  30.0   0.0   0.1  69.9   0.0    7   1964   8977  117    6  117 177.32 
14:37:14  30.0   0.0   0.1  69.9   0.0    7   2210   9346  117    6  117 176.65 
14:37:15  29.9   0.0   0.1  69.9   0.1    3   2001   9256  117    6  118 178.95 
14:37:16  29.9   0.0   0.1  70.0   0.0    7   2345   9291  117    6  116 176.42 
14:37:17  30.0   0.0   0.1  69.9   0.0    7   2517   9441  117    6  117 177.64 
14:37:18  29.3   0.0   0.2  70.5   0.0    7   3315  10168  124    8  124 177.74 
14:37:19  29.9   0.0   0.1  70.0   0.0    7   2491   9685  137    6  137 187.01 
14:37:20  29.9   0.0   0.1  70.0   0.0    7   2973   9399  142    6  142 187.54 
14:37:21  29.9   0.0   0.1  69.9   0.1    7   2711   9486  137    6  137 187.57 
14:37:22  29.9   0.0   0.1  70.0   0.0    7   3515  10030  137    6  137 187.55 
14:37:23  29.8   0.0   0.1  70.1   0.0    7   3130   9733  137    6  137 184.99 
14:37:24  30.0   0.0   0.1  69.9   0.0    7   3513   9825  137    6  137 187.76 
14:37:25  30.0   0.0   0.1  70.0   0.0    7   2558   9298  132    6  132 184.47 
14:37:26  29.9   0.0   0.1  70.1   0.0    7   2342   9329  132    6  132 182.49 
14:37:27  29.9   0.0   0.2  69.9   0.1    7   3195  10097  132    6  132 181.92 
14:37:28  30.0   0.0   0.1  69.9   0.1    7   2832   9599  127    6  127 181.72 
14:37:29  30.0   0.0   0.1  69.9   0.0    8   2078   9093  131    5  131 185.28 
14:37:30  29.9   0.0   0.1  70.0   0.0    7   2158   9353  121    1  121 179.30 
14:37:31  29.9   0.0   0.1  70.0   0.0    7   2913   9555  127    6  127 183.17 
14:37:32  30.0   0.0   0.1  70.0   0.0    7   2281   9195  122    6  122 181.63 
14:37:33  29.9   0.0   0.2  70.0   0.0    8   2070   9009  127    6  127 182.02 
14:37:34  30.0   0.0   0.1  69.9   0.0    8   2483   9268  122    6  122 178.76 
  Time    User  Nice   Sys  Idle    IO  Run Ctxt/s  IRQ/s Fork Exec Exit  Watts
14:37:35  30.0   0.0   0.1  69.9   0.0    7   2383   9226  122    6  122 182.50 
14:37:36  30.0   0.0   0.1  70.0   0.0    7   2128   9067  122    6  122 181.21 
14:37:37  30.0   0.0   0.1  69.9   0.0    7   1793   8983  122    6  122 180.44 
14:37:38  29.4   0.0   0.1  70.5   0.0    7   2786   9629  134    8  134 183.19 
14:37:39  29.9   0.0   0.1  70.0   0.0    7   2641   9802  137    6  137 185.17 
14:37:40  30.0   0.0   0.1  69.7   0.1    7   3889  10726  137    6  137 186.07 
14:37:41  29.9   0.0   0.1  70.0   0.0    7   3312  10353  137    6  137 183.33 
14:37:42  30.0   0.0   0.1  69.9   0.0    7   3154   9899  137    6  137 186.94 
14:37:43  30.0   0.0   0.1  70.0   0.0    7   3002   9784  137    6  137 186.50 
14:37:44  30.0   0.0   0.1  69.9   0.0    7   3161  10372  132    6  132 183.06 
14:37:45  29.9   0.0   0.1  70.0   0.0    7   2279   9632  132    6  132 183.85 
14:37:46  29.9   0.0   0.1  69.8   0.1    7   2148   9271  132    6  132 181.72 
14:37:47  30.0   0.0   0.1  69.9   0.0    7   2021   9183  132    6  132 184.99 
14:37:48  29.9   0.0   0.1  70.0   0.0    7   2405   9155  132    6  132 181.78 
14:37:49  30.0   0.0   0.1  70.0   0.0    7   3385  10056  127    6  127 182.65 
14:37:50  29.9   0.0   0.1  70.0   0.0    7   3022   9930  127    6  127 180.75 
14:37:51  29.9   0.0   0.1  70.0   0.0    7   2925  10100  122    6  122 180.47 
14:37:52  30.0   0.0   0.1  69.9   0.1    7   2794   9694  122    6  122 180.71 
14:37:53  29.4   0.0   0.1  70.4   0.0    7   3037  10065  124    8  124 176.73 
14:37:54  30.0   0.0   0.1  70.0   0.0    7   3200   9934  142    6  142 187.24 
14:37:55  30.0   0.0   0.1  69.9   0.0    7   3755  10319  142    6  142 185.92 
14:37:56  29.8   0.0   0.2  70.0   0.0    7   2721   9799  137    6  137 185.80 
14:37:57  29.9   0.0   0.2  70.0   0.0    7   3216  10101  137    6  137 186.10 
  Time    User  Nice   Sys  Idle    IO  Run Ctxt/s  IRQ/s Fork Exec Exit  Watts
14:37:58  29.9   0.0   0.2  69.9   0.1    7   2934   9689  137    6  137 186.13 
14:37:59  29.9   0.0   0.1  70.0   0.0    7   3176   9679  137    6  137 187.31 
14:38:00  29.8   0.0   0.2  70.0   0.0    7   3273   9909  132    6  132 182.92 
14:38:01  30.0   0.0   0.1  69.9   0.0    7   3112   9795  132    6  132 185.68 
14:38:02  29.9   0.0   0.2  70.0   0.0    7   2488   9319  127    6  127 182.54 
14:38:03  29.8   0.0   0.1  70.1   0.0    7   2919   9674  132    6  132 183.60 
14:38:04  30.0   0.0   0.1  69.8   0.1    7   2977   9576  127    6  127 183.67 
14:38:05  29.9   0.0   0.2  70.0   0.0    7   2805   9497  127    6  127 182.16 
14:38:06  30.0   0.0   0.1  70.0   0.0    7   2815   9590  127    6  127 182.20 
14:38:07  30.0   0.0   0.1  69.9   0.0    7   2306   9365  127    6  127 182.70 
14:38:08  29.9   0.0   0.1  70.0   0.0    7   2811   9535  127    6  127 182.65 
14:38:09  29.9   0.0   0.2  70.0   0.0    7   3077   9769  122    6  122 181.28 
14:38:10  30.0   0.0   0.1  69.6   0.4    7   3220   9765  122    6  122 180.00 
14:38:11  29.9   0.0   0.1  70.0   0.0    7   3092   9742  117    6  117 180.46 
14:38:12  29.9   0.0   0.1  70.0   0.0    7   2946   9720  122    6  122 177.57 
14:38:13  29.9   0.0   0.1  70.0   0.0    7   2906   9654  117    6  117 179.52 
14:38:14  30.0   0.0   0.1  69.9   0.0    7   2676   9406  117    6  117 179.45 
14:38:15  30.0   0.0   0.1  70.0   0.0    7   2092   9067  117    6  117 179.59 
14:38:16  29.3   0.0   0.2  70.1   0.5    7   3358  10114  134    8  134 178.54 
14:38:17  29.9   0.0   0.1  70.0   0.0    7   2832   9589  138    6  142 186.00 
14:38:18  30.0   0.0   0.1  70.0   0.0    7   2985   9889  141    6  137 184.49 
14:38:19  29.9   0.0   0.1  70.0   0.0    7   2834   9268  137    6  137 188.49 
14:38:20  30.0   0.0   0.1  70.0   0.0    7   2924   9732  137    6  137 184.85 
  Time    User  Nice   Sys  Idle    IO  Run Ctxt/s  IRQ/s Fork Exec Exit  Watts
14:38:21  30.0   0.0   0.0  69.7   0.2    7   2114   9033  137    6  137 184.48 
14:38:22  30.0   0.0   0.1  70.0   0.0    7   2188   9131  137    6  137 183.82 
14:38:23  29.9   0.0   0.1  70.0   0.0    7   2125   9132  132    6  132 183.50 
14:38:24  30.0   0.0   0.1  69.9   0.0    7   2546   9367  132    6  132 183.02 
14:38:25  29.9   0.0   0.1  70.0   0.0    7   2815   9451  132    6  132 183.49 
14:38:26  30.0   0.0   0.1  69.9   0.0    7   2857   9622  127    6  127 180.29 
14:38:27  30.0   0.0   0.1  69.9   0.1    7   2896   9463  127    6  127 182.20 
14:38:28  30.3   0.0   0.1  69.3   0.3    7   2979   9823  128    6  127 184.63 
14:38:29  30.0   0.0   0.1  69.9   0.0    7   3360   9974  127    6  127 181.32 
14:38:30  30.0   0.0   0.1  69.9   0.0    7   2675   9617  122    6  122 180.64 
14:38:31  30.0   0.0   0.1  70.0   0.0    7   2954   9900  122    6  122 180.33 
14:38:32  29.9   0.0   0.1  70.0   0.0    7   3099  10105  122    6  122 180.22 
14:38:33  29.4   0.0   0.2  70.3   0.1    7   3436  10260  139    8  139 182.81 
14:38:34  29.9   0.0   0.2  69.9   0.0    7   2622   9553  137    6  137 183.75 
14:38:35  30.0   0.0   0.1  69.9   0.0    7   2712   9529  142    6  142 188.29 
14:38:36  30.0   0.0   0.1  69.9   0.0    7   3477   9911  137    6  137 186.98 
14:38:37  29.9   0.0   0.1  70.0   0.0    7   2216   9123  137    6  137 185.37 
14:38:38  30.0   0.0   0.1  70.0   0.0    8   2433   9443  137    6  137 184.59 
14:38:39  30.0   0.0   0.1  69.8   0.1    7   2614   9462  132    6  132 183.63 
14:38:40  30.0   0.0   0.1  69.9   0.0    7   2956   9836  132    6  132 183.30 
14:38:41  30.1   0.0   0.0  69.9   0.0    7   2791   9672  132    6  132 182.62 
14:38:42  29.9   0.0   0.1  70.0   0.0    7   2826   9678  127    6  127 183.10 
14:38:43  30.0   0.0   0.1  69.9   0.0    7   2906   9726  132    6  133 181.93 
  Time    User  Nice   Sys  Idle    IO  Run Ctxt/s  IRQ/s Fork Exec Exit  Watts
14:38:44  29.9   0.0   0.1  70.0   0.0    7   2466   9558  122    6  122 178.80 
14:38:45  30.0   0.0   0.1  69.9   0.1    7   2669   9694  127    6  127 179.51 
14:38:46  30.0   0.0   0.1  69.9   0.0    7   2740   9722  127    6  127 180.54 
14:38:47  30.1   0.0   0.1  69.9   0.0    7   2085   9369  123    6  122 180.62 
14:38:48  29.9   0.0   0.1  70.0   0.0    7   2057   9448  122    6  122 180.86 
14:38:49  29.9   0.0   0.1  70.0   0.0    7   2168   9432  122    6  122 180.63 
14:38:50  30.0   0.0   0.1  69.9   0.1    7   2202   9413  122    6  122 179.56 
14:38:51  30.0   0.0   0.1  69.9   0.0    7   2190   9505  122    6  122 180.50 
14:38:52  29.9   0.0   0.2  69.9   0.0    7   1907   9242  122    6  122 179.73 
14:38:53  29.9   0.0   0.1  70.0   0.0    7   2145   9179  117    6  117 179.33 
14:38:54  30.0   0.0   0.1  70.0   0.0    7   2688   9434  117    6  117 178.98 
14:38:55  29.9   0.0   0.1  70.0   0.0    7   2749   9637  117    6  117 176.71 
14:38:56  29.9   0.0   0.1  69.9   0.1    7   3009  10220  112    6  112 176.90 
14:38:57  29.4   0.0   0.1  70.5   0.0    7   3002   9653  129    8  129 178.77 
14:38:58  29.9   0.0   0.2  69.9   0.0    7   2638   9505  142    6  144 187.89 
14:38:59  30.0   0.0   0.1  69.9   0.0    7   2585   9442  142    6  142 188.01 
14:39:00  30.0   0.0   0.1  69.9   0.0    7   2287   9311  137    6  137 187.71 
14:39:01  30.0   0.0   0.1  70.0   0.0    7   2708   9850  137    6  137 182.28 
14:39:02  30.0   0.0   0.1  69.7   0.3    7   2604   9596  132    6  132 182.10 
14:39:03  29.9   0.0   0.1  69.9   0.0    7   3360   9726  137    6  137 187.75 
14:39:04  30.0   0.0   0.1  69.3   0.7    7   2852   9802  134    6  134 181.21 
14:39:05  30.0   0.0   0.1  69.9   0.0    7   2510   9766  132    6  132 183.12 
14:39:06  30.0   0.0   0.1  70.0   0.0    7   2975   9786  127    6  127 180.42 
  Time    User  Nice   Sys  Idle    IO  Run Ctxt/s  IRQ/s Fork Exec Exit  Watts
14:39:07  30.0   0.0   0.1  69.9   0.0    7   2825   9909  127    6  127 181.97 
14:39:08  30.1   0.0   0.0  69.9   0.0    7   2667   9639  127    6  127 181.80 
14:39:09  29.9   0.0   0.2  69.8   0.2    7   2966   9563  127    6  127 182.31 
14:39:10  30.0   0.0   0.1  69.8   0.0    8   2549   9453  127    6  127 180.98 
14:39:11  29.9   0.0   0.0  70.1   0.0    7   1970   9155  122    6  122 180.59 
14:39:12  29.9   0.0   0.2  70.0   0.0    7   3017  10041  123    6  127 181.12 
14:39:13  30.0   0.0   0.1  69.9   0.0    7   2814   9494  126    6  122 181.89 
14:39:14  30.0   0.0   0.1  69.9   0.0    3   2701   9783  117    6  118 178.95 
14:39:15  30.0   0.0   0.1  69.8   0.2    7   2153   9304  122    6  121 179.91 
14:39:16  30.0   0.0   0.1  69.9   0.0    8   2711   9895  122    6  122 178.17 
14:39:17  29.4   0.0   0.1  70.3   0.1    7   3022  10042  119    8  119 174.24 
14:39:18  29.9   0.0   0.2  70.0   0.0    7   3290   9930  142    6  142 186.81 
14:39:19  29.9   0.0   0.1  70.0   0.0    7   2950   9630  137    6  137 186.70 
14:39:20  29.9   0.0   0.1  70.0   0.0    7   2655   9303  142    6  142 187.46 
14:39:21  30.0   0.0   0.1  69.9   0.0    7   1983   8983  137    6  137 187.97 
14:39:22  29.9   0.0   0.2  70.0   0.0    7   2518   9235  137    6  137 184.16 
14:39:23  30.0   0.0   0.1  69.8   0.2    7   2144   9193  137    6  137 185.44 
14:39:24  29.9   0.0   0.2  69.9   0.0    7   2052   9037  137    6  137 186.49 
14:39:25  29.9   0.0   0.1  70.0   0.0    7   2177   9086  132    6  132 182.19 
14:39:26  30.0   0.0   0.1  70.0   0.0    7   2191   8843  132    6  132 183.72 
14:39:27  29.9   0.0   0.2  69.9   0.0    7   1916   8809  132    6  132 183.64 
14:39:28  30.0   0.0   0.0  69.7   0.2    7   2636   9334  127    6  127 182.67 
14:39:29  30.0   0.0   0.1  69.9   0.0    7   2047   9040  127    6  127 181.35 
  Time    User  Nice   Sys  Idle    IO  Run Ctxt/s  IRQ/s Fork Exec Exit  Watts
14:39:30  30.0   0.0   0.1  69.9   0.0    7   2078   9085  127    6  127 180.50 
14:39:31  29.8   0.0   0.1  70.1   0.0    7   2324   9463  122    6  123 178.34 
14:39:32  30.0   0.0   0.0  69.9   0.0    7   2081   9354  122    6  122 178.35 
14:39:33  30.0   0.0   0.1  69.9   0.0    7   2002   9295  122    6  122 178.90 
14:39:34  29.9   0.0   0.1  70.0   0.0    7   2461   9620  127    6  127 180.85 
14:39:35  30.0   0.0   0.1  69.9   0.0    7   3077  10247  117    6  117 176.50 
14:39:36  30.0   0.0   0.1  69.9   0.0    7   2719   9734  117    6  117 179.56 
14:39:37  29.9   0.0   0.1  70.1   0.0    7   3480  10261  118    6  122 177.61 
14:39:38  30.0   0.0   0.1  70.0   0.0    7   2329   9276  121    6  117 178.49 
14:39:39  30.0   0.0   0.1  69.9   0.0    7   2591   9469  118    6  117 178.37 
14:39:40  30.0   0.0   0.1  69.9   0.1    7   2851   9419  117    6  117 181.26 
14:39:41  29.4   0.0   0.1  70.5   0.0    7   2482   9159  119    8  119 178.79 
14:39:42  29.9   0.0   0.1  70.0   0.0    7   2744   9592  142    6  142 187.44 
14:39:43  29.9   0.0   0.1  70.0   0.0    7   2684   9407  137    6  137 185.38 
14:39:44  29.9   0.0   0.1  70.0   0.0    7   2645   9682  142    6  142 186.33 
14:39:45  30.0   0.0   0.1  69.9   0.0    7   1830   8912  137    6  137 187.46 
14:39:46  30.0   0.0   0.1  69.9   0.1    7   2658   9282  137    6  137 186.48 
14:39:47  29.9   0.0   0.1  70.0   0.0    7   2938   9502  137    6  137 186.17 
14:39:48  29.9   0.0   0.1  70.0   0.0    7   2551   9290  137    6  137 187.84 
14:39:49  30.0   0.0   0.1  69.9   0.0    7   2779   9714  132    6  132 186.43 
14:39:50  30.0   0.0   0.1  70.0   0.0    7   2790   9779  132    6  132 184.53 
14:39:51  29.9   0.0   0.1  70.0   0.0    7   2670   9780  127    6  127 181.73 
14:39:52  29.9   0.0   0.1  70.0   0.1    7   3015   9820  132    6  132 184.82 
  Time    User  Nice   Sys  Idle    IO  Run Ctxt/s  IRQ/s Fork Exec Exit  Watts
14:39:53  29.9   0.0   0.1  69.9   0.0    7   2524   9850  122    6  122 179.71 
14:39:54  30.0   0.0   0.1  69.9   0.0    7   2858   9924  127    6  127 178.99 
14:39:55  29.9   0.0   0.1  70.0   0.0    8   2939   9748  127    6  127 181.17 
14:39:56  29.9   0.0   0.2  70.0   0.0    7   2745   9706  122    6  122 179.13 
14:39:57  30.0   0.0   0.1  70.0   0.0    7   2609   9706  122    6  122 178.83 
14:39:58  30.0   0.0   0.1  69.9   0.1    7   2887   9796  117    6  117 178.24 
14:39:59  29.9   0.0   0.1  70.0   0.1    7   2442   9451  122    6  122 178.50 
14:40:00  30.0   0.0   0.1  69.9   0.0    7   2667   9564  117    6  117 180.20 
14:40:01  29.5   0.0   0.1  70.3   0.1    8   3923  10376  141   10  136 184.23 
14:40:02  29.8   0.0   0.1  70.1   0.0    7   2998   9983  136    1  140 187.42 
14:40:03  29.9   0.0   0.1  70.0   0.0    7   2616   9703  137    6  137 187.44 
14:40:04  29.9   0.0   0.1  70.0   0.0    7   2127   9262  137    6  137 186.48 
14:40:05  29.9   0.0   0.1  70.0   0.0    7   2655   9619  137    6  137 186.75 
14:40:06  29.9   0.0   0.1  69.7   0.3    7   2497   9530  137    6  137 185.37 
14:40:07  29.9   0.0   0.1  70.0   0.0    7   2736   9816  132    6  132 182.43 
14:40:08  30.0   0.0   0.1  70.0   0.0    7   2907   9783  132    6  132 185.29 
14:40:09  30.0   0.0   0.1  70.0   0.0    7   2662   9421  137    6  137 186.47 
14:40:10  29.9   0.0   0.1  70.0   0.0    8   2893   9551  127    6  132 185.10 
14:40:11  29.9   0.0   0.1  70.0   0.0    7   2634   9697  132    6  127 181.40 
14:40:12  29.9   0.0   0.1  69.9   0.1    7   3174   9721  127    6  127 184.85 
14:40:13  29.9   0.0   0.1  69.9   0.0    7   2869   9142  127    6  127 184.14 
14:40:14  30.1   0.0   0.1  69.9   0.0    7   3097   9808  127    6  127 182.33 
14:40:15  30.0   0.0   0.1  69.9   0.0    7   2765   9576  122    6  122 182.36 
  Time    User  Nice   Sys  Idle    IO  Run Ctxt/s  IRQ/s Fork Exec Exit  Watts
14:40:16  29.3   0.0   0.1  70.6   0.0    8   2744   9214  134    8  134 181.17 
14:40:17  30.0   0.0   0.1  70.0   0.0    8   3180   9873  142    6  142 187.99 
14:40:18  30.0   0.0   0.1  69.8   0.2    7   3447  10264  137    6  137 185.42 
14:40:19  29.9   0.0   0.1  70.0   0.0    7   2779   9633  137    6  137 184.83 
14:40:20  30.0   0.0   0.1  70.0   0.0    7   2056   9118  142    6  142 187.62 
14:40:21  30.0   0.0   0.1  70.0   0.0    7   2576   9546  137    6  137 186.09 
14:40:22  30.0   0.0   0.1  69.9   0.0    7   2798   9632  132    6  132 187.40 
14:40:23  29.9   0.0   0.1  70.0   0.0    7   2796   9641  132    6  132 183.69 
14:40:24  29.9   0.0   0.1  69.9   0.1    7   2589   9756  132    6  132 181.68 
14:40:25  30.0   0.0   0.1  69.9   0.0    7   2380   9581  132    6  132 182.32 
14:40:26  29.9   0.0   0.1  70.0   0.0    7   3071  10292  127    6  127 178.87 
14:40:27  29.9   0.0   0.1  70.0   0.0    7   2846   9938  127    6  127 183.59 
14:40:28  30.0   0.0   0.1  69.9   0.0    7   2924   9887  127    6  127 181.60 
14:40:29  29.9   0.0   0.1  70.0   0.0    7   2674   9864  122    6  122 179.54 
14:40:30  30.0   0.0   0.1  69.8   0.1    7   2173   9322  127    6  127 180.64 
14:40:31  30.0   0.0   0.1  70.0   0.0    7   2064   9083  122    6  122 180.29 
14:40:32  29.9   0.0   0.1  70.0   0.0    7   2195   9133  127    6  127 181.65 
14:40:33  29.9   0.0   0.1  69.9   0.0    7   2966   9609  122    6  122 183.17 
14:40:34  30.0   0.0   0.1  70.0   0.0    7   2747   9487  122    6  122 181.21 
14:40:35  30.0   0.0   0.1  69.9   0.0    7   2658   9266  122    6  122 181.51 
14:40:36  29.9   0.0   0.1  69.9   0.1    7   2736   9579  117    6  117 178.36 
14:40:37  29.5   0.0   0.1  70.4   0.0    7   3134   9832  124    8  124 178.79 
14:40:38  30.0   0.0   0.1  70.0   0.0    7   2951   9493  142    6  142 187.76 
  Time    User  Nice   Sys  Idle    IO  Run Ctxt/s  IRQ/s Fork Exec Exit  Watts
14:40:39  29.9   0.0   0.1  70.0   0.0    7   2659   9435  142    6  142 189.56 
14:40:40  29.9   0.0   0.1  70.0   0.0    7   2717   9450  142    6  142 188.07 
14:40:41  30.0   0.0   0.1  69.9   0.0    7   3085   9475  132    6  132 186.29 
14:40:42  29.9   0.0   0.1  69.9   0.1    7   2837   9635  137    6  137 185.29 
14:40:43  30.0   0.0   0.1  69.9   0.0    7   2774   9470  137    6  137 185.42 
14:40:44  30.0   0.0   0.1  70.0   0.0    7   3009   9347  132    6  132 185.90 
14:40:45  30.0   0.0   0.1  69.9   0.0    7   2401   9135  132    6  132 184.89 
14:40:46  29.9   0.0   0.1  70.0   0.0    7   2067   8968  137    6  137 185.39 
14:40:47  30.0   0.0   0.1  69.8   0.1    7   2041   8784  130    6  132 185.28 
14:40:48  30.0   0.0   0.1  69.9   0.0    7   2451   9102  129    6  127 182.49 
14:40:49  29.9   0.0   0.1  70.0   0.0    8   3157   9720  127    6  127 181.57 
14:40:50  30.0   0.0   0.1  69.9   0.0    7   2142   9181  123    6  127 181.02 
14:40:51  29.9   0.0   0.1  70.0   0.0    7   2160   9201  126    6  122 179.23 
14:40:52  30.0   0.0   0.0  70.0   0.0    7   2058   9046  127    6  127 183.15 
14:40:53  29.5   0.0   0.1  69.2   1.2    7   2852   9596  119    8  119 176.90 
14:40:54  29.8   0.0   0.2  70.0   0.0    7   2988   9555  142    6  142 188.26 
14:40:55  29.9   0.0   0.1  70.0   0.0    7   2891   9665  142    6  142 189.85 
14:40:56  29.9   0.0   0.1  70.0   0.0    7   3263   9582  142    6  142 190.07 
14:40:57  30.0   0.0   0.1  69.9   0.0    7   2782   9624  137    6  137 184.14 
14:40:58  29.8   0.0   0.1  70.1   0.0    7   2788   9611  137    6  137 186.94 
14:40:59  30.0   0.0   0.1  69.9   0.1    7   2657   9292  132    6  132 186.50 
14:41:00  29.8   0.0   0.2  70.0   0.0    7   2772   9326  137    6  137 185.50 
14:41:01  29.9   0.0   0.1  70.0   0.0    7   2664   9486  132    6  132 184.74 
  Time    User  Nice   Sys  Idle    IO  Run Ctxt/s  IRQ/s Fork Exec Exit  Watts
14:41:02  29.9   0.0   0.1  70.0   0.0    7   2485   9311  132    6  132 184.83 
14:41:03  29.9   0.0   0.1  70.0   0.0    7   2239   9019  132    6  132 183.52 
14:41:04  30.0   0.0   0.1  69.9   0.1    7   2897   9569  127    6  127 183.41 
14:41:05  29.9   0.0   0.1  70.0   0.0    7   2862   9443  127    6  127 184.17 
14:41:06  29.9   0.0   0.1  70.0   0.0    7   2980   9385  132    6  132 182.93 
14:41:07  29.9   0.0   0.1  70.0   0.0    7   2834   9500  122    6  122 183.06 
14:41:08  30.0   0.0   0.1  70.0   0.0    7   2383   9262  127    6  127 182.34 
14:41:09  29.9   0.0   0.1  70.0   0.0    7   2325   9265  122    6  122 180.41 
14:41:10  30.0   0.0   0.1  67.1   2.8    7   2917   9869  122    6  122 180.20 
14:41:11  30.0   0.0   0.1  69.9   0.0    7   2755   9844  122    6  122 179.95 
14:41:12  29.5   0.0   0.1  70.4   0.0    7   3605  10257  134    8  134 180.61 
14:41:13  29.9   0.0   0.2  70.0   0.0    7   3320  10498  137    6  137 187.53 
14:41:14  30.1   0.0   0.1  69.9   0.0    7   3303   9932  142    6  142 190.17 
14:41:15  30.0   0.0   0.1  69.8   0.1    7   2635   9490  142    6  142 189.11 
14:41:16  30.0   0.0   0.1  69.9   0.0    7   2135   9058  137    6  137 187.09 
14:41:17  30.0   0.0   0.1  70.0   0.0    7   2881   9640  137    6  137 186.26 
14:41:18  29.9   0.0   0.1  70.0   0.0    7   3027   9637  132    6  132 183.56 
14:41:19  30.0   0.0   0.1  69.9   0.0    7   2221   8895  132    6  132 186.39 
14:41:20  29.9   0.0   0.1  70.0   0.0    7   2749   9494  132    6  132 184.42 
14:41:21  29.9   0.0   0.1  69.9   0.1    7   2761   9456  132    6  132 182.67 
14:41:22  30.0   0.0   0.1  70.0   0.0    7   2855   9519  129    6  132 183.50 
14:41:23  30.0   0.0   0.1  69.9   0.0    7   2304   9499  130    6  127 183.63 
14:41:24  29.9   0.0   0.2  69.9   0.1    7   2303   9200  127    6  127 184.90 
  Time    User  Nice   Sys  Idle    IO  Run Ctxt/s  IRQ/s Fork Exec Exit  Watts
14:41:25  30.0   0.0   0.0  69.9   0.0    7   2533   9183  127    6  127 183.05 
14:41:26  29.9   0.0   0.1  70.0   0.0    7   1856   8968  127    6  127 182.07 
14:41:27  29.9   0.0   0.1  69.1   1.0    7   2195   9244  122    6  122 180.62 
14:41:28  29.9   0.0   0.1  70.0   0.0    7   2636   9265  122    6  122 182.80 
14:41:29  29.9   0.0   0.2  69.9   0.0    7   2529   9369  122    6  122 181.30 
14:41:30  30.0   0.0   0.1  69.9   0.0    7   2781   9323  122    6  122 180.83 
14:41:31  29.9   0.0   0.1  70.0   0.0    7   2153   9026  117    6  117 179.83 
14:41:32  30.0   0.0   0.1  69.9   0.0    7   2763   9303  122    6  122 180.12 
14:41:33  29.9   0.0   0.2  69.8   0.2    7   2064   9116  117    6  117 178.93 
14:41:34  29.9   0.0   0.1  70.0   0.0    7   2206   9052  117    6  117 179.87 
14:41:35  29.9   0.0   0.2  70.0   0.0    7   2378   9200  117    6  117 180.35 
14:41:36  29.9   0.0   0.1  70.0   0.0    7   2162   9187  112    6  112 176.21 
14:41:37  30.0   0.0   0.1  69.9   0.0    7   2060   9317  117    6  117 177.83 
14:41:38  29.4   0.0   0.2  70.4   0.0    7   3240   9603  119    8  119 178.98 
14:41:39  30.0   0.0   0.1  69.8   0.1    7   2849   9637  142    6  142 190.05 
14:41:40  30.0   0.0   0.1  70.0   0.0    7   3337   9782  142    6  142 187.81 
14:41:41  29.9   0.0   0.1  70.0   0.0    7   2936   9671  137    6  137 188.11 
14:41:42  30.0   0.0   0.1  70.0   0.0    7   2976   9806  137    6  137 185.51 
14:41:43  29.8   0.0   0.2  70.0   0.0    7   3352  10001  137    6  137 184.62 
14:41:44  30.0   0.0   0.1  69.9   0.0    7   3436   9979  132    6  132 186.87 
14:41:45  29.8   0.0   0.1  69.9   0.2    7   2586   9491  132    6  132 183.64 
14:41:46  29.9   0.0   0.1  70.0   0.0    7   2993   9581  132    6  132 183.12 
14:41:47  30.0   0.0   0.1  69.9   0.0    7   2580   9498  137    6  137 185.05 
  Time    User  Nice   Sys  Idle    IO  Run Ctxt/s  IRQ/s Fork Exec Exit  Watts
14:41:48  29.9   0.0   0.1  70.0   0.0    7   2874   9484  127    6  127 185.01 
14:41:49  30.1   0.0   0.1  69.9   0.0    7   2091   8923  132    6  132 184.68 
14:41:50  29.9   0.0   0.1  70.0   0.0    7   2399   9503  127    6  127 180.56 
14:41:51  30.0   0.0   0.1  69.9   0.0    7   2230   9361  127    6  127 182.58 
14:41:52  30.0   0.0   0.1  70.0   0.0    7   2900   9514  122    6  122 182.04 
14:41:53  29.9   0.0   0.1  69.9   0.0    7   2866   9581  127    6  127 182.10 
14:41:54  29.9   0.0   0.1  70.0   0.0    7   2705  10049  122    6  122 179.82 
14:41:55  30.0   0.0   0.1  70.0   0.0    7   2040   9083  122    6  122 179.12 
14:41:56  29.9   0.0   0.1  70.0   0.0    7   2958   9855  117    6  117 179.21 
14:41:57  29.8   0.0   0.1  70.0   0.1    7   1944   9193  122    6  122 177.81 
14:41:58  29.5   0.0   0.1  70.4   0.0    7   3408  10101  134    8  134 182.87 
14:41:59  29.9   0.0   0.2  70.0   0.0    7   2502   9340  137    6  137 186.66 
14:42:00  29.9   0.0   0.1  70.1   0.0    7   3378   9887  142    6  142 188.34 
14:42:01  29.9   0.0   0.1  70.0   0.0    7   3123   9726  137    6  137 185.31 
14:42:02  29.9   0.0   0.2  70.0   0.0    7   2713   9364  137    6  137 188.10 
14:42:03  30.0   0.0   0.0  69.9   0.0    7   2285   9146  137    6  137 185.15 
14:42:04  30.0   0.0   0.1  70.0   0.0    7   2403   9079  137    6  137 185.46 
14:42:05  29.9   0.0   0.1  70.0   0.0    7   3271  10138  132    6  132 184.09 
14:42:06  30.0   0.0   0.1  69.9   0.0    7   2834  10094  132    6  132 183.33 
14:42:07  29.9   0.0   0.1  70.0   0.0    7   3232   9967  127    6  127 184.63 
14:42:08  29.8   0.0   0.1  70.1   0.0    7   2377   9345  127    6  127 179.67 
14:42:09  30.0   0.0   0.1  69.6   0.4    7   2785   9654  127    6  127 182.38 
14:42:10  29.8   0.0   0.2  70.0   0.0    7   2339   9405  127    6  127 180.82 
  Time    User  Nice   Sys  Idle    IO  Run Ctxt/s  IRQ/s Fork Exec Exit  Watts
14:42:11  29.9   0.0   0.1  70.0   0.0    7   2262   9403  127    6  127 180.41 
14:42:12  29.9   0.0   0.1  70.0   0.0    7   1809   8939  127    6  127 182.28 
-------- ----- ----- ----- ----- ----- ---- ------ ------ ---- ---- ---- ------ 
 Average  29.8   0.0   0.1  70.0   0.1  7.0 2759.1 9533.7 129.6  6.1 129.5 183.40 
 GeoMean  29.7   0.0   0.0  70.0   0.0  7.0 2724.4 9511.2 129.0  0.0 128.8 183.17 
  StdDev   1.3   0.0   0.2   1.1   0.4  0.4  439.6  658.5  9.4  0.6  9.6   7.02 
-------- ----- ----- ----- ----- ----- ---- ------ ------ ---- ---- ---- ------ 
 Minimum   0.6   0.0   0.0  66.0   0.0  2.0 1793.0 2604.0 16.0  0.0  7.0  47.39 
 Maximum  30.3   0.0   4.6  94.9   4.0  8.0 5592.0 21373.0 144.0 10.0 144.0 233.03 
-------- ----- ----- ----- ----- ----- ---- ------ ------ ---- ---- ---- ------ 
Summary:
CPU: 183.40 Watts on average with standard deviation 7.02  
Note: power read from RAPL domains: uncore, pkg-0, core.
These readings do not cover all the hardware in this device.
