Running for 600.0 seconds (600 samples at 1.0 second intervals).
Power measurements will start in 0 seconds time.

  Time    User  Nice   Sys  Idle    IO  Run Ctxt/s  IRQ/s Fork Exec Exit  Watts
14:21:21   2.8   0.0   2.6  90.0   4.7    3   4070   3769   16    6    2  51.46 
14:21:22  18.8   0.0   0.8  80.3   0.1    7   2756   6900   78    1   75 115.24 
14:21:23  29.7   0.0   0.1  70.2   0.0    7   3646  10020  152    6  152 162.99 
14:21:24  29.5   0.0   0.1  70.3   0.1    7   3265   9934  157    6  157 161.83 
14:21:25  29.6   0.0   0.1  70.3   0.0    7   3281  10002  157    6  157 164.71 
14:21:26  29.5   0.0   0.2  70.3   0.0    7   3157   9721  152    6  152 166.14 
14:21:27  29.6   0.0   0.1  70.3   0.0    7   3337  10007  157    6  157 165.60 
14:21:28  29.6   0.0   0.1  70.3   0.0    7   2684   9387  152    6  152 166.32 
14:21:29  29.6   0.0   0.1  70.3   0.0    7   2808   9599  157    6  157 165.49 
14:21:30  29.6   0.0   0.1  67.7   2.7    7   3322  10050  152    6  152 165.87 
14:21:31  29.7   0.0   0.1  70.2   0.0    7   3013   9729  147    6  147 163.80 
14:21:32  29.6   0.0   0.1  70.2   0.0    8   2886   9560  152    6  152 164.30 
14:21:33  29.6   0.0   0.2  70.3   0.0    7   2673   9598  147    6  147 164.22 
14:21:34  29.6   0.0   0.1  70.3   0.0    7   2880   9902  147    6  147 164.17 
14:21:35  29.6   0.0   0.1  66.4   4.0    7   2887   9746  147    6  147 164.14 
14:21:36  29.6   0.0   0.1  68.6   1.7    7   3002   9485  152    6  152 165.37 
14:21:37  29.6   0.0   0.1  70.2   0.0    7   3249   9955  142    6  142 164.72 
14:21:38  29.6   0.0   0.1  70.3   0.0    7   2845   9623  147    6  147 166.04 
14:21:39  29.7   0.0   0.1  70.2   0.0    7   3424   9795  147    6  147 166.92 
14:21:40  29.6   0.0   0.2  69.2   1.1    7   3094   9950  142    6  142 165.08 
14:21:41  29.7   0.0   0.1  69.1   1.2    7   2893   9669  147    6  147 164.76 
14:21:42  29.7   0.0   0.1  70.2   0.0    7   3098   9706  142    6  142 166.56 
14:21:43  29.7   0.0   0.1  70.2   0.0    7   2697   9509  142    6  142 166.88 
  Time    User  Nice   Sys  Idle    IO  Run Ctxt/s  IRQ/s Fork Exec Exit  Watts
14:21:44  29.6   0.0   0.1  70.3   0.0    7   2841   9656  142    6  142 165.79 
14:21:45  29.6   0.0   0.1  70.3   0.0    7   3021   9801  142    6  142 166.84 
14:21:46  29.7   0.0   0.1  70.1   0.1    7   2608   9377  142    6  142 165.65 
14:21:47  27.3   0.0   0.1  72.5   0.0    7   3433   9699  144    8  144 157.62 
14:21:48  29.6   0.0   0.1  70.4   0.0    7   2717   9628  157    6  157 168.82 
14:21:49  29.7   0.0   0.1  70.2   0.0    7   2721   9751  157    6  157 168.76 
14:21:50  29.7   0.0   0.1  70.2   0.0    7   2714   9383  157    6  157 168.71 
14:21:51  29.5   0.0   0.2  70.4   0.0    7   2844   9781  152    6  152 166.85 
14:21:52  29.6   0.0   0.1  70.1   0.1    7   3020   9794  157    6  157 167.23 
14:21:53  29.6   0.0   0.1  70.3   0.0    7   3324   9957  147    6  147 166.76 
14:21:54  29.6   0.0   0.1  70.2   0.0    7   2946   9508  157    6  157 169.21 
14:21:55  29.6   0.0   0.1  70.3   0.0    7   2726   9425  152    6  152 168.21 
14:21:56  29.6   0.0   0.1  70.2   0.0    7   2900   9674  147    6  147 167.86 
14:21:57  29.6   0.0   0.1  70.3   0.0    7   2882   9680  152    6  152 168.73 
14:21:58  29.6   0.0   0.1  70.2   0.1    7   3203   9731  147    6  147 167.34 
14:21:59  29.6   0.0   0.1  70.3   0.0    7   3874   9924  152    6  152 171.68 
14:22:00  29.6   0.0   0.1  70.2   0.0    7   3617  10293  147    6  147 168.76 
14:22:01  29.6   0.0   0.1  70.3   0.0    7   2751   9529  147    6  147 168.05 
14:22:02  29.6   0.0   0.1  70.2   0.0    7   3426   9864  147    6  147 168.88 
14:22:03  29.6   0.0   0.2  70.3   0.0    7   3024   9810  147    6  147 168.24 
14:22:04  29.5   0.0   0.1  70.2   0.2    7   2842   9455  147    6  147 168.28 
14:22:05  29.7   0.0   0.1  70.2   0.0    7   2380   9139  142    6  142 169.77 
14:22:06  29.6   0.0   0.1  70.3   0.0    7   2898   9659  147    6  147 169.81 
  Time    User  Nice   Sys  Idle    IO  Run Ctxt/s  IRQ/s Fork Exec Exit  Watts
14:22:07  29.6   0.0   0.1  70.3   0.0    8   3059   9776  142    6  142 169.59 
14:22:08  29.7   0.0   0.1  70.2   0.0    7   2392   9288  142    6  142 169.98 
14:22:09  29.6   0.0   0.1  70.2   0.0    7   3127   9793  142    6  142 169.56 
14:22:10  29.7   0.0   0.1  70.2   0.1    7   2545   9402  142    6  142 169.00 
14:22:11  29.6   0.0   0.1  70.3   0.0    7   3705   9781  142    6  142 171.12 
14:22:12  29.7   0.0   0.1  70.2   0.0    7   2834   9310  142    6  142 171.50 
14:22:13  27.2   0.0   0.2  72.7   0.0    7   3628   9368  139    8  139 157.69 
14:22:14  29.5   0.0   0.1  70.4   0.0    7   3401  10042  157    6  157 168.88 
14:22:15  29.6   0.0   0.2  70.2   0.0    7   2939   9674  157    6  157 169.00 
14:22:16  29.6   0.0   0.1  70.2   0.1    7   3315  10067  152    6  152 168.81 
14:22:17  29.6   0.0   0.1  70.3   0.0    7   2965   9697  157    6  157 169.93 
14:22:18  29.6   0.0   0.1  70.3   0.0    7   2944   9764  157    6  157 171.53 
14:22:19  29.6   0.0   0.1  70.2   0.0    7   3311   9929  152    6  152 170.32 
14:22:20  29.6   0.0   0.1  70.2   0.0    7   3099   9780  152    6  152 169.38 
14:22:21  29.6   0.0   0.1  70.2   0.0    7   2798   9576  152    6  152 168.36 
14:22:22  29.8   0.0   0.1  70.0   0.1    7   3385  10077  152    6  152 168.49 
14:22:23  29.6   0.0   0.2  70.3   0.0    7   2991   9749  147    6  147 167.29 
14:22:24  29.6   0.0   0.1  70.2   0.0    7   2801   9687  147    6  147 167.87 
14:22:25  29.6   0.0   0.1  70.3   0.0    7   3582  10103  152    6  152 169.59 
14:22:26  29.6   0.0   0.1  70.2   0.0    7   2943   9641  147    6  147 169.05 
14:22:27  29.6   0.0   0.1  70.3   0.0    7   2897   9731  147    6  147 170.75 
14:22:28  29.6   0.0   0.2  70.2   0.1    7   2819   9631  147    6  147 170.13 
14:22:29  29.6   0.0   0.1  70.3   0.0    7   2780   9739  147    6  147 168.14 
  Time    User  Nice   Sys  Idle    IO  Run Ctxt/s  IRQ/s Fork Exec Exit  Watts
14:22:30  29.6   0.0   0.1  70.2   0.0    7   3101   9747  147    6  147 170.32 
14:22:31  29.6   0.0   0.1  70.3   0.0    7   3279   9957  142    6  142 169.88 
14:22:32  29.6   0.0   0.1  70.2   0.0    7   2957   9683  147    6  147 169.31 
14:22:33  29.7   0.0   0.1  70.2   0.0    7   2833   9590  142    6  142 169.58 
14:22:34  29.6   0.0   0.2  70.2   0.1    7   3141   9957  147    6  147 168.70 
14:22:35  29.7   0.0   0.1  70.3   0.0    7   3019   9678  142    6  142 169.89 
14:22:36  29.6   0.0   0.1  70.2   0.0    8   3018   9774  142    6  142 170.41 
14:22:37  29.6   0.0   0.1  70.3   0.0    2   3164   9893  137    6  138 169.54 
14:22:38  29.7   0.0   0.1  70.2   0.0    7   2342   9371  142    6  141 168.96 
14:22:39  27.2   0.0   0.2  72.6   0.0    7   3799   9928  129    8  129 157.90 
14:22:40  29.5   0.0   0.1  70.3   0.1    7   2832   9910  157    6  157 168.16 
14:22:41  29.5   0.0   0.2  70.4   0.0    7   3104  10051  157    6  157 167.70 
14:22:42  29.6   0.0   0.1  70.3   0.0    7   3088  10019  157    6  157 170.78 
14:22:43  29.6   0.0   0.2  70.3   0.0    7   3319   9920  152    6  152 169.92 
14:22:44  29.6   0.0   0.1  70.3   0.0    7   2968   9749  157    6  157 167.39 
14:22:45  29.6   0.0   0.1  70.3   0.0    7   2737   9655  152    6  152 166.51 
14:22:46  29.6   0.0   0.1  70.1   0.1    7   3214   9903  152    6  152 170.82 
14:22:47  29.6   0.0   0.1  70.3   0.0    7   2895   9569  152    6  152 167.45 
14:22:48  29.7   0.0   0.1  70.2   0.0    7   2581   9508  147    6  147 167.64 
14:22:49  29.5   0.0   0.1  70.4   0.0    7   3095   9728  152    6  152 170.78 
14:22:50  29.7   0.0   0.1  70.3   0.0    7   2877   9826  152    6  152 168.99 
14:22:51  29.6   0.0   0.1  70.2   0.0    7   2738   9550  147    6  147 168.16 
14:22:52  29.5   0.0   0.2  70.3   0.0    7   2827   9485  147    6  147 167.15 
  Time    User  Nice   Sys  Idle    IO  Run Ctxt/s  IRQ/s Fork Exec Exit  Watts
14:22:53  29.5   0.0   0.2  70.3   0.0    7   3224  10001  147    6  147 170.47 
14:22:54  29.5   0.0   0.1  70.4   0.0    7   3132   9658  147    6  147 169.66 
14:22:55  29.6   0.0   0.1  70.3   0.0    7   2414   9365  152    6  152 171.30 
14:22:56  29.6   0.0   0.1  70.2   0.1    7   2495   9456  147    6  147 170.19 
14:22:57  29.6   0.0   0.1  70.4   0.0    7   2642   9525  147    6  147 171.38 
14:22:58  29.6   0.0   0.1  70.2   0.0    7   2700   9557  142    6  142 170.69 
14:22:59  29.7   0.0   0.1  70.2   0.0    7   2776   9565  147    6  147 171.61 
14:23:00  29.7   0.0   0.1  70.3   0.0    7   2598   9289  147    6  147 170.51 
14:23:01  29.5   0.0   0.1  70.4   0.0    7   2643   9430  142    6  142 169.75 
14:23:02  29.7   0.0   0.1  70.0   0.1    7   2513   9375  142    6  142 169.28 
14:23:03  29.6   0.0   0.1  70.2   0.0    7   2829   9453  142    6  142 172.92 
14:23:04  29.7   0.0   0.1  70.3   0.0    7   2929   9567  142    6  142 172.95 
14:23:05  29.6   0.0   0.1  70.2   0.0    7   3197   9761  142    6  142 171.33 
14:23:06  29.6   0.0   0.1  70.3   0.0    8   3166   9681  142    6  142 171.22 
14:23:07  29.6   0.0   0.1  70.2   0.0    7   2861   9627  137    6  137 170.08 
14:23:08  29.7   0.0   0.1  68.9   1.3    7   3322   9913  142    6  142 171.77 
14:23:09  29.6   0.0   0.1  70.2   0.0    7   3193   9814  137    6  137 171.35 
14:23:10  27.2   0.0   0.2  72.7   0.0    7   3478   9464  129    8  129 161.27 
14:23:11  29.6   0.0   0.1  70.3   0.0    7   3433   9939  157    6  157 168.92 
14:23:12  29.6   0.0   0.1  70.3   0.0    7   3210   9706  157    6  157 170.13 
14:23:13  29.6   0.0   0.1  70.2   0.0    7   2980   9724  157    6  157 169.17 
14:23:14  29.6   0.0   0.1  70.2   0.1    7   3272   9745  157    6  157 169.24 
14:23:15  29.6   0.0   0.1  70.2   0.0    9   2727   9683  152    6  152 167.53 
  Time    User  Nice   Sys  Idle    IO  Run Ctxt/s  IRQ/s Fork Exec Exit  Watts
14:23:16  29.6   0.0   0.2  70.2   0.0    7   3378  10073  152    6  152 170.87 
14:23:17  29.7   0.0   0.1  70.2   0.0    7   3732  10094  157    6  157 172.65 
14:23:18  29.6   0.0   0.1  70.4   0.0    7   2959   9451  152    6  152 172.20 
14:23:19  29.6   0.0   0.2  70.3   0.0    7   3862  10270  152    6  152 171.88 
14:23:20  29.6   0.0   0.1  70.2   0.1    9   2920   9732  152    6  152 168.88 
14:23:21  29.6   0.0   0.1  70.2   0.0    7   3177   9804  152    6  152 170.87 
14:23:22  29.7   0.0   0.1  70.2   0.0    7   3785  10183  147    6  147 172.82 
14:23:23  29.6   0.0   0.1  70.3   0.0    7   3318   9764  152    6  152 171.84 
14:23:24  29.7   0.0   0.1  70.0   0.1    7   3173   9790  151    8  150 172.85 
14:23:25  29.6   0.0   0.1  69.6   0.7    7   2731   9625  154    6  154 171.44 
14:23:26  29.6   0.0   0.1  70.3   0.0    7   2818   9438  147    6  147 171.84 
14:23:27  29.6   0.0   0.1  70.3   0.0    7   2675   9513  147    6  147 170.39 
14:23:28  29.6   0.0   0.1  70.2   0.0    7   3377   9940  147    6  147 172.46 
14:23:29  27.3   0.0   0.1  72.4   0.2    9   4029  10120  139    8  139 160.43 
14:23:30  29.7   0.0   0.1  70.2   0.0    7   3881  10211  157    6  157 174.52 
14:23:31  29.6   0.0   0.1  70.3   0.0    7   3581  10029  157    6  157 171.67 
14:23:32  29.6   0.0   0.1  70.2   0.0    7   3512  10073  157    6  157 171.76 
14:23:33  29.6   0.0   0.1  70.3   0.0    7   3107   9658  157    6  157 171.72 
14:23:34  29.6   0.0   0.1  69.6   0.7    7   2722   9470  157    6  157 172.57 
14:23:35  29.5   0.0   0.1  67.4   3.0    7   2538   9508  157    6  157 171.41 
14:23:36  29.7   0.0   0.1  70.2   0.0    7   2890   9717  152    6  152 170.03 
14:23:37  29.6   0.0   0.1  70.3   0.0    7   2300   9275  152    6  152 171.47 
14:23:38  29.8   0.0   0.1  70.2   0.0    7   2993   9653  152    6  152 170.91 
  Time    User  Nice   Sys  Idle    IO  Run Ctxt/s  IRQ/s Fork Exec Exit  Watts
14:23:39  29.6   0.0   0.1  70.3   0.0    7   2773   9440  157    6  157 174.74 
14:23:40  29.6   0.0   0.1  69.8   0.6    7   2328   9298  152    6  152 172.52 
14:23:41  29.6   0.0   0.1  69.9   0.5    7   3074   9756  152    6  152 171.69 
14:23:42  29.7   0.0   0.1  70.2   0.0    7   2718   9458  152    6  152 172.53 
14:23:43  29.5   0.0   0.2  70.3   0.0    7   2595   9376  147    6  147 173.13 
14:23:44  29.6   0.0   0.1  70.2   0.0    2   2622   9538  147    6  152 171.24 
14:23:45  29.6   0.0   0.1  70.3   0.0    7   2455   9350  147    6  142 169.38 
14:23:46  29.6   0.0   0.1  70.3   0.1    7   2523   9488  147    6  147 170.67 
14:23:47  29.6   0.0   0.1  70.3   0.0    7   2333   9245  147    6  147 171.06 
14:23:48  29.6   0.0   0.1  70.2   0.0    7   2388   9180  147    6  147 170.15 
14:23:49  29.6   0.0   0.1  70.3   0.0    7   2492   9321  147    6  147 171.63 
14:23:50  29.5   0.0   0.2  70.3   0.0    7   2859   9613  142    6  142 171.73 
14:23:51  29.6   0.0   0.1  70.2   0.0    7   2256   9418  142    6  142 170.04 
14:23:52  29.6   0.0   0.1  70.2   0.1    7   3428   9774  147    6  147 172.52 
14:23:53  27.4   0.0   0.1  72.5   0.0    7   3165   9324  139    8  139 156.85 
14:23:54  29.6   0.0   0.1  70.3   0.0    7   2510   9356  157    6  157 167.35 
14:23:55  29.7   0.0   0.1  70.2   0.0    7   3759   9939  152    6  152 170.47 
14:23:56  29.6   0.0   0.2  70.3   0.0    7   3520  10008  157    6  157 168.79 
14:23:57  29.7   0.0   0.1  70.2   0.0    7   3571  10038  152    6  152 170.01 
14:23:58  29.7   0.0   0.0  70.2   0.0    7   2545   9507  157    6  157 169.61 
14:23:59  29.6   0.0   0.1  67.5   2.9   10   2757   9604  149    1  147 171.49 
14:24:00  29.6   0.0   0.1  70.3   0.0    7   2653   9724  148    5  150 168.17 
14:24:01  29.7   0.0   0.1  70.2   0.0    7   3310   9957  152    6  152 170.15 
  Time    User  Nice   Sys  Idle    IO  Run Ctxt/s  IRQ/s Fork Exec Exit  Watts
14:24:02  29.6   0.0   0.1  70.3   0.0    7   3396  10006  152    6  152 170.59 
14:24:03  29.7   0.0   0.1  70.2   0.0    7   2478   9552  147    6  147 168.98 
14:24:04  29.6   0.0   0.1  70.2   0.0    7   2711   9511  152    6  152 168.88 
14:24:05  29.7   0.0   0.1  70.2   0.1    7   2593   9461  147    6  147 170.65 
14:24:06  29.6   0.0   0.2  70.3   0.0    7   2685   9540  152    6  152 170.38 
14:24:07  29.6   0.0   0.1  70.3   0.0    7   2995   9814  147    6  147 167.67 
14:24:08  29.6   0.0   0.1  70.2   0.0    7   2658   9479  142    6  142 168.34 
14:24:09  29.6   0.0   0.1  70.3   0.0    7   3476   9941  147    6  147 169.71 
14:24:10  29.7   0.0   0.1  70.2   0.0    7   3176   9890  147    6  147 171.55 
14:24:11  29.6   0.0   0.1  68.6   1.8    7   2733   9593  147    6  147 170.89 
14:24:12  29.6   0.0   0.2  70.3   0.0    7   2953   9909  142    6  142 170.19 
14:24:13  29.5   0.0   0.2  70.3   0.0    7   2901   9662  142    6  142 170.27 
14:24:14  29.6   0.0   0.2  70.3   0.0    7   3491   9736  147    6  147 173.38 
14:24:15  29.7   0.0   0.1  70.2   0.0    7   3705   9942  142    6  142 174.06 
14:24:16  27.4   0.0   0.1  72.5   0.0    7   3973   9997  134    8  134 161.38 
14:24:17  29.6   0.0   0.1  70.2   0.1    7   3426   9885  162    6  162 172.34 
14:24:18  29.6   0.0   0.1  70.3   0.0    7   2775   9654  157    6  157 170.31 
14:24:19  29.6   0.0   0.1  70.4   0.0    7   2865   9828  157    6  157 172.13 
14:24:20  29.6   0.0   0.1  70.3   0.0    7   2927   9801  157    6  157 171.33 
14:24:21  29.6   0.0   0.2  70.3   0.0    7   3285  10212  152    6  152 170.89 
14:24:22  29.6   0.0   0.1  70.3   0.0    7   3550  10252  152    6  152 172.17 
14:24:23  29.7   0.0   0.1  70.1   0.1    7   3488  10040  157    6  157 171.86 
14:24:24  29.7   0.0   0.1  70.2   0.0    7   3892  10166  152    6  152 172.25 
  Time    User  Nice   Sys  Idle    IO  Run Ctxt/s  IRQ/s Fork Exec Exit  Watts
14:24:25  29.6   0.0   0.1  70.3   0.0    7   2381   9107  152    6  152 171.33 
14:24:26  29.5   0.0   0.1  70.4   0.0    7   2621   9340  152    6  152 170.09 
14:24:27  29.6   0.0   0.1  70.2   0.0    8   2982   9442  152    6  152 172.06 
14:24:28  29.5   0.0   0.1  70.3   0.1    7   2698   9597  147    6  147 170.63 
14:24:29  29.7   0.0   0.1  70.0   0.2    7   3045   9656  152    6  152 171.55 
14:24:30  29.6   0.0   0.1  70.2   0.0    7   2855   9471  147    6  147 171.73 
14:24:31  29.6   0.0   0.1  70.2   0.0    7   2535   9544  152    6  152 169.80 
14:24:32  29.5   0.0   0.1  70.4   0.0    7   2516   9409  147    6  147 169.32 
14:24:33  29.6   0.0   0.1  70.4   0.0    7   2623   9230  147    6  147 172.46 
14:24:34  29.7   0.0   0.1  70.2   0.0    8   2541   9407  147    6  147 170.66 
14:24:35  29.7   0.0   0.1  68.9   1.3    7   2467   9255  147    6  147 172.69 
14:24:36  29.6   0.0   0.1  70.3   0.0    7   3335   9777  142    6  142 173.95 
14:24:37  29.5   0.0   0.2  70.3   0.0    7   3473   9970  147    6  147 172.57 
14:24:38  29.7   0.0   0.1  70.2   0.0    7   3246   9754  142    6  142 173.81 
14:24:39  29.6   0.0   0.2  70.3   0.0    7   3292   9728  147    6  147 172.27 
14:24:40  29.6   0.0   0.1  70.2   0.0    7   3479   9780  142    6  142 172.22 
14:24:41  27.3   0.0   0.1  72.5   0.1    7   3524   9511  144    8  144 161.35 
14:24:42  29.6   0.0   0.2  70.2   0.0    7   3602  10015  157    6  157 170.77 
14:24:43  29.5   0.0   0.2  70.4   0.0    8   3362   9861  157    6  157 169.26 
14:24:44  29.7   0.0   0.1  70.2   0.0    7   3225   9892  152    6  152 168.58 
14:24:45  29.6   0.0   0.1  70.2   0.0    7   3903  10254  157    6  157 170.60 
14:24:46  29.6   0.0   0.1  70.2   0.0    7   2804   9729  152    6  152 171.18 
14:24:47  29.5   0.0   0.2  70.2   0.2    7   3102  10067  152    6  152 167.96 
  Time    User  Nice   Sys  Idle    IO  Run Ctxt/s  IRQ/s Fork Exec Exit  Watts
14:24:48  29.6   0.0   0.1  70.3   0.0    7   2962   9836  152    6  152 169.93 
14:24:49  29.6   0.0   0.1  70.3   0.0    7   2998   9743  152    6  152 168.49 
14:24:50  29.6   0.0   0.2  70.3   0.0    7   2840   9701  152    6  152 168.24 
14:24:51  29.6   0.0   0.1  70.3   0.0    7   2779   9876  147    6  147 166.88 
14:24:52  29.7   0.0   0.1  70.2   0.1    7   3221  10068  152    6  152 169.24 
14:24:53  29.6   0.0   0.1  70.2   0.0    8   3164   9886  147    6  147 169.67 
14:24:54  29.6   0.0   0.1  70.3   0.0    7   2804   9587  147    6  147 169.97 
14:24:55  29.6   0.0   0.1  70.3   0.0    7   3023   9848  147    6  147 169.19 
14:24:56  29.5   0.0   0.2  70.3   0.0    7   2492   9324  147    6  147 168.09 
14:24:57  29.5   0.0   0.1  70.4   0.0    7   2506   9585  147    6  147 168.25 
14:24:58  29.6   0.0   0.1  70.2   0.1    7   2180   9340  142    6  142 168.87 
14:24:59  29.6   0.0   0.1  70.3   0.0    7   3293   9828  147    6  147 169.49 
14:25:00  29.6   0.0   0.1  70.2   0.0    7   3340  10120  147    6  147 170.43 
14:25:01  29.6   0.0   0.2  70.2   0.0    7   3356  10115  142    6  142 170.32 
14:25:02  29.6   0.0   0.1  70.0   0.2    7   2967   9767  145    8  145 171.81 
14:25:03  29.6   0.0   0.1  70.3   0.0    7   2673   9509  142    6  142 167.97 
14:25:04  29.7   0.0   0.1  70.2   0.0    7   2816   9507  142    6  142 169.26 
14:25:05  29.6   0.0   0.2  70.2   0.0    7   2281   9467  142    6  142 168.37 
14:25:06  29.7   0.0   0.1  70.2   0.0    7   2549   9261  137    6  137 170.09 
14:25:07  29.6   0.0   0.2  70.1   0.2    7   2902   9699  142    6  142 170.52 
14:25:08  27.3   0.0   0.2  72.6   0.0    7   3757   9852  140    8  139 159.26 
14:25:09  29.8   0.0   0.1  70.1   0.0    7   3161   9761  157    6  157 173.50 
14:25:10  29.7   0.0   0.1  70.1   0.0    7   3304   9699  162    6  162 172.42 
  Time    User  Nice   Sys  Idle    IO  Run Ctxt/s  IRQ/s Fork Exec Exit  Watts
14:25:11  29.6   0.0   0.1  70.2   0.1    7   2794   9775  152    6  152 167.79 
14:25:12  29.7   0.0   0.1  70.2   0.0    7   2632   9653  157    6  157 169.29 
14:25:13  29.8   0.0   0.1  70.0   0.1    7   2727   9707  152    6  152 168.58 
14:25:14  29.6   0.0   0.1  70.3   0.0    7   3192  10051  152    6  152 166.98 
14:25:15  29.8   0.0   0.1  70.1   0.0    7   2995  10181  147    6  147 168.24 
14:25:16  29.7   0.0   0.1  70.2   0.0    7   2983   9778  152    6  152 167.29 
14:25:17  29.7   0.0   0.1  70.2   0.0    2   3199  10078  147    6  152 169.72 
14:25:18  29.6   0.0   0.1  70.3   0.0    7   3007  10071  152    6  147 166.99 
14:25:19  29.7   0.0   0.1  70.1   0.1    7   3413  10449  147    6  149 168.00 
14:25:20  29.6   0.0   0.2  70.2   0.0    7   2941   9870  147    6  147 170.35 
14:25:21  29.6   0.0   0.1  70.3   0.0    7   3006   9898  152    6  152 170.99 
14:25:22  29.8   0.0   0.0  70.2   0.0    7   2340   9482  147    6  147 170.95 
14:25:23  29.6   0.0   0.1  70.3   0.0    7   2633   9722  147    6  147 169.10 
14:25:24  29.7   0.0   0.1  70.0   0.1   10   3287  10007  147    6  147 170.64 
14:25:25  29.8   0.0   0.1  70.2   0.0    7   3604  10264  142    6  142 170.75 
14:25:26  29.7   0.0   0.1  70.2   0.0    7   2694   9870  142    6  142 166.71 
14:25:27  29.6   0.0   0.1  70.3   0.0    7   2977  10216  147    6  147 169.86 
14:25:28  29.6   0.0   0.1  70.3   0.0    7   2189   9662  142    6  142 166.35 
14:25:29  29.7   0.0   0.1  70.2   0.0    7   2763   9997  142    6  142 172.03 
14:25:30  29.7   0.0   0.1  70.2   0.1    7   2499   9681  142    6  142 166.44 
14:25:31  29.6   0.0   0.1  70.3   0.0    7   2732   9555  142    6  142 168.75 
14:25:32  29.7   0.0   0.1  70.2   0.0    7   2347   9458  137    6  137 169.66 
14:25:33  29.8   0.0   0.1  70.2   0.0    7   2904   9693  142    6  142 170.78 
  Time    User  Nice   Sys  Idle    IO  Run Ctxt/s  IRQ/s Fork Exec Exit  Watts
14:25:34  29.7   0.0   0.1  70.2   0.0    7   3035   9794  142    6  142 170.87 
14:25:35  27.6   0.0   0.1  72.3   0.0    7   3387   9717  139    8  139 160.76 
14:25:36  29.7   0.0   0.1  70.1   0.1    7   3864  10607  157    6  157 172.32 
14:25:37  29.7   0.0   0.1  70.1   0.0    9   3558  10600  155    7  152 168.74 
14:25:38  30.7   0.0   0.5  65.5   3.3    7  10958  13164  176   14  157 176.40 
14:25:39  30.1   0.0   0.4  68.6   0.9    7   7169  11301  163   10  168 175.26 
14:25:40  29.6   0.0   0.1  70.3   0.0    7   2898   9916  152    6  152 171.38 
14:25:41  29.6   0.0   0.1  70.3   0.0    7   3052   9938  158    6  157 172.33 
14:25:42  29.5   0.0   0.2  70.3   0.0    7   2661   9549  152    6  153 173.00 
14:25:43  29.8   0.0   0.1  70.1   0.0    7   3022   9630  152    6  152 173.21 
14:25:44  29.8   0.0   0.1  70.1   0.1    7   3060   9930  157    6  157 173.05 
14:25:45  29.7   0.0   0.1  70.2   0.0    7   3074   9968  147    6  147 171.32 
14:25:46  29.7   0.0   0.1  70.2   0.0    7   3374  10010  152    6  152 170.80 
14:25:47  29.7   0.0   0.1  70.2   0.0    7   2992   9743  152    6  152 172.66 
14:25:48  29.6   0.0   0.2  70.3   0.0    7   2412   9556  147    6  147 168.61 
14:25:49  29.7   0.0   0.1  70.2   0.0    7   2591   9438  147    6  147 171.69 
14:25:50  29.7   0.0   0.1  70.1   0.1    7   2625   9520  147    6  147 170.45 
14:25:51  29.7   0.0   0.1  70.3   0.0    7   3350  10240  147    6  147 169.34 
14:25:52  29.6   0.0   0.2  70.2   0.0    7   2702   9699  147    6  148 169.74 
14:25:53  29.8   0.0   0.1  70.2   0.0    7   3264  10201  142    6  142 168.84 
14:25:54  29.8   0.0   0.1  70.1   0.0    7   3159   9944  147    6  148 169.54 
14:25:55  29.6   0.0   0.1  70.3   0.0    7   3438  10178  142    6  144 170.40 
14:25:56  29.8   0.0   0.1  70.1   0.1    7   3483  10244  142    6  142 168.52 
  Time    User  Nice   Sys  Idle    IO  Run Ctxt/s  IRQ/s Fork Exec Exit  Watts
14:25:57  29.8   0.0   0.1  70.1   0.0    7   2931   9619  147    6  147 171.56 
14:25:58  29.7   0.0   0.1  70.3   0.0    7   3438  10086  137    6  137 168.21 
14:25:59  27.0   0.0   0.3  72.8   0.0    7   3643  10461  144    8  144 157.73 
14:26:00  29.6   0.0   0.2  70.3   0.0    7   2987  10301  152    6  152 167.84 
14:26:01  29.6   0.0   0.1  70.3   0.0    7   3436  10226  152    6  152 165.74 
14:26:02  29.7   0.0   0.1  70.2   0.1    7   2949  10348  157    6  157 166.98 
14:26:03  29.6   0.0   0.2  70.2   0.0    7   2911  10063  147    6  147 167.46 
14:26:04  29.6   0.0   0.1  70.3   0.0    2   2932   9900  152    6  157 168.41 
14:26:05  29.6   0.0   0.2  70.3   0.0    7   2640   9802  152    6  147 168.13 
14:26:06  29.7   0.0   0.1  70.2   0.0    7   3171   9991  152    6  152 168.81 
14:26:07  29.7   0.0   0.1  70.2   0.0    7   3193  10176  147    6  147 165.52 
14:26:08  29.6   0.0   0.2  70.0   0.3    7   3087  10224  152    6  152 167.96 
14:26:09  29.6   0.0   0.1  70.3   0.1    7   2590   9888  147    6  147 165.93 
14:26:10  29.7   0.0   0.1  70.2   0.0    7   2615   9712  147    6  147 167.54 
14:26:11  29.7   0.0   0.1  70.2   0.0    7   3024   9719  152    6  152 172.94 
14:26:12  29.6   0.0   0.1  70.2   0.0    7   2634   9741  147    6  147 169.61 
14:26:13  29.6   0.0   0.1  70.3   0.0    7   2536   9745  152    6  153 172.33 
14:26:14  29.6   0.0   0.1  69.6   0.7    7   2519   9672  147    6  147 171.67 
14:26:15  29.7   0.0   0.1  65.6   4.7    7   2657   9907  142    6  142 169.81 
14:26:16  29.6   0.0   0.2  69.5   0.7    2   3236   9940  147    6  152 173.36 
14:26:17  29.7   0.0   0.1  70.2   0.0    7   3666  10101  147    6  142 171.39 
14:26:18  29.8   0.0   0.1  70.2   0.0    7   3144   9633  147    6  147 173.29 
14:26:19  29.7   0.0   0.1  70.2   0.0    7   3758  10255  147    6  147 172.91 
  Time    User  Nice   Sys  Idle    IO  Run Ctxt/s  IRQ/s Fork Exec Exit  Watts
14:26:20  29.6   0.0   0.1  69.7   0.6    7   2739   9975  142    6  142 169.07 
14:26:21  27.2   0.0   0.2  72.0   0.7    7   3286   9928  134    8  134 157.97 
14:26:22  29.6   0.0   0.1  70.2   0.0    7   3158  10018  153    6  157 170.33 
14:26:23  29.6   0.0   0.1  70.3   0.0    7   3382  10554  156    6  152 167.98 
14:26:24  29.8   0.0   0.1  70.1   0.0    7   3135   9656  157    6  157 173.33 
14:26:25  29.6   0.0   0.1  70.2   0.2    7   3633  10364  157    6  158 172.44 
14:26:26  29.7   0.0   0.1  70.2   0.0    7   3475  10256  157    6  157 170.93 
14:26:27  29.7   0.0   0.1  70.2   0.0    7   3643  10385  152    6  152 171.48 
14:26:28  29.6   0.0   0.1  70.3   0.0    7   3234  10127  152    6  152 169.64 
14:26:29  29.7   0.0   0.1  70.2   0.0    7   3205  10131  152    6  152 170.65 
14:26:30  29.7   0.0   0.1  70.2   0.0    7   3119  10123  152    6  152 170.34 
14:26:31  29.6   0.0   0.1  70.3   0.0    7   2960   9781  152    6  152 168.59 
14:26:32  29.8   0.0   0.1  70.2   0.0    7   3187  10014  147    6  147 170.40 
14:26:33  29.6   0.0   0.1  70.3   0.0    7   3386  10168  152    6  152 170.65 
14:26:34  29.6   0.0   0.2  70.3   0.0    7   2820   9957  142    6  142 167.25 
14:26:35  29.7   0.0   0.1  70.2   0.0    7   3114  10010  147    6  147 164.45 
14:26:36  29.6   0.0   0.2  70.2   0.0    7   3477  10164  147    6  147 168.57 
14:26:37  29.7   0.0   0.1  70.2   0.0    7   3122  10033  142    6  142 169.04 
14:26:38  29.7   0.0   0.1  70.1   0.1    7   2646  10162  146    5  142 164.98 
14:26:39  29.7   0.0   0.1  70.2   0.0    7   2875   9767  136    1  140 168.74 
14:26:40  29.6   0.0   0.1  70.3   0.0    7   2371   9567  142    6  142 166.12 
14:26:41  29.7   0.0   0.2  70.2   0.0    7   3102  10073  142    6  142 170.67 
14:26:42  29.7   0.0   0.1  70.2   0.0    7   3548  10331  142    6  142 168.21 
  Time    User  Nice   Sys  Idle    IO  Run Ctxt/s  IRQ/s Fork Exec Exit  Watts
14:26:43  29.7   0.0   0.2  70.2   0.0    7   3044  10001  142    6  142 167.80 
14:26:44  29.8   0.0   0.0  70.0   0.1    7   2740   9686  142    6  142 167.98 
14:26:45  29.7   0.0   0.1  70.1   0.0    7   2596   9712  142    6  142 166.47 
14:26:46  26.8   0.0   0.2  73.0   0.0    7   3561   9388  134    8  134 154.90 
14:26:47  29.7   0.0   0.1  70.2   0.0    7   3184  10028  157    6  157 170.84 
14:26:48  29.7   0.0   0.1  70.2   0.0    7   2967   9739  157    6  157 170.20 
14:26:49  29.6   0.0   0.2  70.2   0.0    7   2664   9660  152    6  152 169.28 
14:26:50  29.6   0.0   0.1  68.4   1.9    7   2964  10035  152    6  152 166.25 
14:26:51  29.6   0.0   0.1  70.3   0.0    7   2868   9664  157    6  157 169.69 
14:26:52  29.7   0.0   0.1  70.2   0.0    7   2853   9832  152    6  152 171.53 
14:26:53  29.7   0.0   0.1  70.2   0.0    7   3589  10109  157    6  157 172.93 
14:26:54  29.6   0.0   0.1  70.3   0.0    7   3250  10211  147    6  147 170.19 
14:26:55  29.6   0.0   0.2  70.3   0.0    7   2974   9883  152    6  152 166.45 
14:26:56  29.8   0.0   0.1  70.0   0.1    7   3095   9825  152    6  152 171.71 
14:26:57  29.8   0.0   0.1  70.1   0.0    7   3427  10084  152    6  152 173.65 
14:26:58  29.8   0.0   0.1  70.2   0.0    7   3460  10172  147    6  147 171.53 
14:26:59  29.7   0.0   0.1  70.1   0.0    7   3161   9729  152    6  152 174.28 
14:27:00  29.7   0.0   0.1  70.3   0.0    7   3503   9845  147    6  147 175.03 
14:27:01  29.6   0.0   0.2  70.3   0.0    2   3142   9802  147    6  152 170.40 
14:27:02  29.6   0.0   0.1  70.2   0.1    2   3381  10156  147    6  147 170.89 
14:27:03  29.8   0.0   0.1  70.1   0.0    7   2933   9772  147    6  142 170.71 
14:27:04  29.6   0.0   0.1  70.3   0.0    7   2952   9692  147    6  147 168.78 
14:27:05  29.8   0.0   0.1  70.2   0.0    8   3235   9718  147    6  147 172.00 
  Time    User  Nice   Sys  Idle    IO  Run Ctxt/s  IRQ/s Fork Exec Exit  Watts
14:27:06  29.7   0.0   0.1  70.2   0.0    7   3152   9605  142    6  142 172.95 
14:27:07  29.5   0.0   0.1  70.4   0.0    7   3108   9711  147    6  147 172.36 
14:27:08  29.7   0.0   0.1  70.1   0.1    7   3257   9798  142    6  142 172.23 
14:27:09  29.8   0.0   0.1  70.2   0.0    7   3412   9854  147    6  147 173.29 
14:27:10  29.7   0.0   0.1  70.2   0.0    7   3102   9760  142    6  142 173.00 
14:27:11  29.7   0.0   0.1  70.2   0.0    7   3280   9762  142    6  142 171.25 
14:27:12  27.2   0.0   0.1  72.7   0.0    7   3407   9802  139    8  139 158.19 
14:27:13  29.7   0.0   0.1  70.2   0.0    7   3734  10334  157    6  157 170.39 
14:27:14  29.7   0.0   0.1  70.1   0.1    7   3529  10314  152    6  152 169.82 
14:27:15  29.7   0.0   0.1  70.1   0.0    7   3775  10291  157    6  157 169.34 
14:27:16  29.8   0.0   0.1  70.2   0.0    7   3364  10037  152    6  152 167.48 
14:27:17  29.7   0.0   0.1  70.3   0.0    7   3470  10288  152    6  152 167.47 
14:27:18  29.8   0.0   0.1  70.1   0.0    7   3922  10437  152    6  152 169.45 
14:27:19  29.7   0.0   0.1  70.0   0.1    7   3178   9964  152    6  152 167.68 
14:27:20  29.6   0.0   0.1  70.3   0.0    7   3087  10108  147    6  147 167.17 
14:27:21  29.7   0.0   0.1  70.2   0.0    7   3028  10009  147    6  147 167.79 
14:27:22  29.7   0.0   0.1  70.2   0.0    7   2836   9741  152    6  152 167.53 
14:27:23  29.6   0.0   0.2  70.2   0.0    7   2602   9759  147    6  147 167.80 
14:27:24  29.7   0.0   0.1  70.2   0.0    7   2277   9356  147    6  147 167.94 
14:27:25  29.8   0.0   0.1  70.0   0.1    7   2276   9481  142    6  142 166.09 
14:27:26  29.7   0.0   0.1  70.2   0.0    7   2183   9566  147    6  147 165.84 
14:27:27  29.6   0.0   0.2  70.2   0.0    7   2550   9720  142    6  142 166.19 
14:27:28  29.7   0.0   0.1  70.2   0.0    7   3215   9955  143    6  147 166.82 
  Time    User  Nice   Sys  Idle    IO  Run Ctxt/s  IRQ/s Fork Exec Exit  Watts
14:27:29  29.7   0.0   0.1  70.2   0.0    7   2478   9821  146    6  142 166.56 
14:27:30  29.7   0.0   0.1  70.2   0.0    7   2561   9654  142    6  142 167.13 
14:27:31  29.7   0.0   0.1  70.1   0.1    8   2581   9572  142    6  142 166.74 
14:27:32  29.6   0.0   0.1  70.3   0.0    7   2828  10012  137    6  137 165.94 
14:27:33  29.7   0.0   0.1  70.3   0.0    7   2885   9803  142    6  142 164.21 
14:27:34  29.7   0.0   0.1  70.3   0.0    7   2292   9403  142    6  142 164.85 
14:27:35  29.6   0.0   0.1  70.3   0.0    7   2519   9749  137    6  137 166.11 
14:27:36  29.7   0.0   0.1  70.2   0.0    7   2392   9559  142    6  142 165.93 
14:27:37  29.8   0.0   0.1  70.1   0.0    7   2445   9435  137    6  137 167.45 
14:27:38  27.2   0.0   0.2  72.7   0.0    7   2852   9236  129    8  129 155.09 
14:27:39  29.6   0.0   0.2  70.3   0.0    7   2939  10162  152    6  152 166.85 
14:27:40  29.6   0.0   0.1  70.3   0.0    7   2719   9966  157    6  157 167.93 
14:27:41  29.7   0.0   0.1  70.3   0.0    7   3226  10355  157    6  157 167.61 
14:27:42  29.6   0.0   0.2  70.2   0.0    7   2925   9979  152    6  152 168.09 
14:27:43  29.7   0.0   0.1  69.8   0.3    7   2792   9753  152    6  152 167.11 
14:27:44  29.6   0.0   0.2  70.2   0.0    7   2922  10028  152    6  152 164.91 
14:27:45  29.7   0.0   0.1  70.3   0.0    7   2976   9979  147    6  147 167.45 
14:27:46  29.7   0.0   0.1  70.2   0.0    7   2666   9872  152    6  152 164.73 
14:27:47  29.7   0.0   0.1  70.3   0.0    7   3016  10147  147    6  147 165.28 
14:27:48  29.7   0.0   0.1  70.2   0.0    7   2878  10010  147    6  147 165.78 
14:27:49  29.7   0.0   0.1  70.0   0.1    7   2836   9924  147    6  147 166.70 
14:27:50  29.7   0.0   0.1  70.2   0.0    7   3339  10448  147    6  147 167.38 
14:27:51  29.7   0.0   0.1  70.2   0.0    7   2656   9793  147    6  147 167.27 
  Time    User  Nice   Sys  Idle    IO  Run Ctxt/s  IRQ/s Fork Exec Exit  Watts
14:27:52  29.7   0.0   0.1  70.2   0.0    7   2245   9454  147    6  147 167.90 
14:27:53  29.7   0.0   0.1  70.2   0.0    7   3613  10322  147    6  147 171.84 
14:27:54  29.6   0.0   0.1  70.2   0.1    7   2834   9728  147    6  147 168.85 
14:27:55  29.6   0.0   0.1  70.3   0.0    7   3214  10083  147    6  147 167.14 
14:27:56  29.8   0.0   0.1  70.2   0.0    7   3029  10004  142    6  142 169.57 
14:27:57  29.7   0.0   0.1  70.2   0.0    7   3017   9993  147    6  147 169.88 
14:27:58  29.7   0.0   0.1  70.3   0.0    7   2871   9993  142    6  142 168.31 
14:27:59  29.7   0.0   0.1  70.2   0.0    7   3484  10158  142    6  142 170.65 
14:28:00  29.8   0.0   0.1  70.0   0.1    7   2909   9813  142    6  142 169.11 
14:28:01  29.7   0.0   0.1  70.1   0.0    7   2913  10002  142    6  142 168.57 
14:28:02  29.6   0.0   0.1  70.3   0.0    7   2770   9744  142    6  142 169.04 
14:28:03  29.8   0.0   0.1  70.2   0.0    8   2938   9935  142    6  142 167.75 
14:28:04  27.1   0.0   0.2  72.7   0.0    7   3143   9926  134    8  134 155.45 
14:28:05  29.8   0.0   0.1  70.2   0.0    7   3579  10426  157    6  157 168.75 
14:28:06  29.7   0.0   0.1  70.2   0.0    7   3730  10650  152    6  152 169.08 
14:28:07  29.6   0.0   0.1  70.3   0.0    7   3230  10468  152    6  152 168.73 
14:28:08  29.6   0.0   0.1  70.3   0.0    7   3143  10438  152    6  152 165.36 
14:28:09  29.6   0.0   0.1  70.3   0.0    7   2732   9765  152    6  152 168.10 
14:28:10  29.8   0.0   0.1  70.2   0.0    7   3488  10148  152    6  152 171.34 
14:28:11  29.7   0.0   0.1  70.2   0.0    7   3896  10363  152    6  152 170.79 
14:28:12  29.6   0.0   0.1  70.2   0.1    7   3864  10404  152    6  152 172.30 
14:28:13  29.7   0.0   0.1  70.2   0.0    7   3170  10071  147    6  147 169.55 
14:28:14  29.7   0.0   0.1  70.2   0.0    7   3478   9945  152    6  152 172.47 
  Time    User  Nice   Sys  Idle    IO  Run Ctxt/s  IRQ/s Fork Exec Exit  Watts
14:28:15  29.6   0.0   0.2  70.2   0.0    7   3691  10218  152    6  152 171.31 
14:28:16  29.7   0.0   0.1  70.1   0.0    7   3230   9806  147    6  147 170.37 
14:28:17  29.7   0.0   0.1  70.3   0.0    7   3616  10301  147    6  147 171.53 
14:28:18  29.7   0.0   0.1  70.1   0.1    7   3575  10338  147    6  147 169.78 
14:28:19  29.8   0.0   0.1  70.2   0.0    7   2408   9574  147    6  147 167.47 
14:28:20  29.8   0.0   0.1  70.1   0.0    7   3132  10000  142    6  142 167.95 
14:28:21  29.7   0.0   0.1  70.2   0.0    7   3171  10186  147    6  147 166.93 
14:28:22  29.8   0.0   0.1  70.2   0.0    7   2619   9800  142    6  142 166.75 
14:28:23  29.8   0.0   0.1  70.2   0.0    7   2823   9706  142    6  142 167.43 
14:28:24  29.7   0.0   0.1  70.1   0.1    7   2541   9757  142    6  142 164.45 
14:28:25  29.7   0.0   0.1  70.2   0.0    7   2213   9337  142    6  142 165.32 
14:28:26  27.4   0.0   0.1  72.5   0.0    7   2877   9384  139    8  139 158.75 
14:28:27  29.6   0.0   0.1  70.3   0.0    7   2945   9831  157    6  157 168.36 
14:28:28  29.7   0.0   0.1  70.0   0.1    7   2702   9645  153    6  152 169.14 
14:28:29  30.1   0.0   0.1  69.2   0.7    7   2947  10046  159    6  159 169.45 
14:28:30  29.6   0.0   0.1  70.3   0.0    7   3324  10059  152    6  152 170.60 
14:28:31  29.7   0.0   0.1  70.2   0.0    7   3434  10198  152    6  152 169.17 
14:28:32  29.7   0.0   0.1  70.2   0.0    7   2871   9720  152    6  152 169.05 
14:28:33  29.6   0.0   0.2  70.3   0.0    7   2384   9562  152    6  152 167.77 
14:28:34  29.6   0.0   0.1  70.3   0.0    7   2622   9780  147    6  147 166.65 
14:28:35  29.6   0.0   0.2  70.1   0.2    7   2557   9743  147    6  147 165.49 
14:28:36  29.9   0.0   0.0  70.2   0.0    7   3233  10319  147    6  148 165.43 
14:28:37  29.7   0.0   0.1  70.2   0.0    7   2710   9747  147    6  147 167.84 
  Time    User  Nice   Sys  Idle    IO  Run Ctxt/s  IRQ/s Fork Exec Exit  Watts
14:28:38  29.8   0.0   0.1  70.1   0.0    7   3608  10373  147    6  147 168.40 
14:28:39  29.7   0.0   0.1  70.1   0.0    7   2877   9782  147    6  147 167.65 
14:28:40  29.7   0.0   0.1  70.2   0.0    7   2973   9891  147    6  147 168.46 
14:28:41  29.7   0.0   0.1  70.0   0.1    7   3520  10212  147    6  147 169.85 
14:28:42  29.6   0.0   0.1  70.3   0.0    7   3330  10069  147    6  147 169.47 
14:28:43  29.8   0.0   0.1  70.1   0.0    8   3034   9739  147    6  147 167.44 
14:28:44  29.7   0.0   0.1  70.2   0.0    7   2851   9759  142    6  143 169.85 
14:28:45  29.6   0.0   0.1  70.3   0.0    7   3089  10093  142    6  142 167.01 
14:28:46  29.6   0.0   0.1  70.3   0.0    2   2969   9706  142    6  147 167.75 
14:28:47  29.7   0.0   0.1  70.1   0.1    7   3113  10223  142    6  137 167.02 
14:28:48  29.6   0.0   0.1  70.3   0.0    7   3225  10160  142    6  142 164.49 
14:28:49  27.3   0.0   0.1  72.4   0.2    7   3391   9827  134    8  134 154.96 
14:28:50  29.8   0.0   0.1  70.1   0.0    7   3261  10139  157    6  157 167.29 
14:28:51  29.8   0.0   0.0  70.2   0.0    7   3120   9908  152    6  152 167.48 
14:28:52  29.7   0.0   0.1  70.2   0.0    8   2727   9770  157    6  157 168.66 
14:28:53  29.7   0.0   0.1  70.2   0.0    7   2570   9876  152    6  152 167.33 
14:28:54  29.7   0.0   0.1  70.1   0.1    7   3035   9990  152    6  152 167.73 
14:28:55  29.7   0.0   0.1  70.2   0.0    7   2983  10052  152    6  152 167.92 
14:28:56  29.8   0.0   0.1  70.1   0.0    8   2682   9553  152    6  152 169.97 
14:28:57  29.6   0.0   0.1  70.3   0.0    7   2992  10041  147    6  147 169.13 
14:28:58  29.6   0.0   0.2  70.3   0.0    7   3014  10081  152    6  152 166.24 
14:28:59  29.6   0.0   0.1  70.3   0.0    7   2675   9688  147    6  147 165.29 
14:29:00  29.7   0.0   0.1  69.8   0.4    7   2736  10050  147    6  147 165.17 
  Time    User  Nice   Sys  Idle    IO  Run Ctxt/s  IRQ/s Fork Exec Exit  Watts
14:29:01  29.6   0.0   0.1  66.1   4.2    7   2618   9762  142    6  142 165.01 
14:29:02  29.7   0.0   0.1  70.2   0.0    7   2617   9888  147    6  147 166.92 
14:29:03  29.7   0.0   0.1  70.2   0.0    7   2869  10056  147    6  147 164.78 
14:29:04  29.8   0.0   0.1  70.2   0.0    7   2925   9888  142    6  142 166.42 
14:29:05  29.7   0.0   0.1  70.2   0.0    7   2554   9668  147    6  147 162.59 
14:29:06  29.6   0.0   0.1  70.0   0.3    7   2617   9727  142    6  142 164.62 
14:29:07  29.8   0.0   0.1  70.0   0.1    7   2698   9923  142    6  142 166.40 
14:29:08  29.7   0.0   0.1  70.2   0.0    7   2744  10102  142    6  142 164.72 
14:29:09  29.6   0.0   0.1  70.3   0.0    7   2317   9856  142    6  142 164.02 
14:29:10  29.7   0.0   0.2  70.2   0.0    7   2887   9932  142    6  142 166.90 
14:29:11  29.8   0.0   0.1  70.2   0.0    7   3326  10146  142    6  142 168.23 
14:29:12  29.8   0.0   0.1  70.1   0.1    7   3278   9958  142    6  142 171.79 
14:29:13  29.7   0.0   0.1  70.1   0.1    7   3425  10116  142    6  142 170.31 
14:29:14  29.8   0.0   0.1  70.2   0.0    9   3122   9784  136    5  132 169.19 
14:29:15  29.7   0.0   0.1  70.2   0.0    7   3418   9961  136    1  140 171.06 
14:29:16  27.1   0.0   0.2  72.7   0.0    7   3405   9755  134    8  134 156.26 
14:29:17  29.6   0.0   0.2  70.2   0.0    7   3105  10226  152    6  152 168.02 
14:29:18  29.7   0.0   0.1  70.3   0.0    7   3517  10168  157    6  157 171.04 
14:29:19  29.6   0.0   0.1  70.2   0.1    7   2935  10041  152    6  152 165.81 
14:29:20  29.7   0.0   0.1  70.2   0.0    7   3137  10302  152    6  152 167.17 
14:29:21  29.6   0.0   0.1  70.3   0.0    7   3606  10224  152    6  152 170.15 
14:29:22  29.7   0.0   0.2  70.2   0.0    7   3194  10316  152    6  152 167.04 
14:29:23  29.7   0.0   0.2  70.2   0.0    7   3408  10073  152    6  152 169.27 
  Time    User  Nice   Sys  Idle    IO  Run Ctxt/s  IRQ/s Fork Exec Exit  Watts
14:29:24  29.6   0.0   0.1  70.2   0.0    7   3133   9993  152    6  152 167.14 
14:29:25  29.7   0.0   0.1  68.7   1.5    7   3358  10027  152    6  152 169.26 
14:29:26  29.6   0.0   0.1  70.3   0.0    7   3138  10028  147    6  147 168.03 
14:29:27  29.7   0.0   0.1  70.2   0.0    7   2884   9758  147    6  147 167.23 
14:29:28  29.6   0.0   0.2  70.2   0.0    7   2620   9739  152    6  152 167.67 
14:29:29  29.6   0.0   0.1  70.3   0.0    7   2318   9618  142    6  142 166.86 
14:29:30  29.7   0.0   0.1  70.2   0.0    7   2987   9913  147    6  147 168.27 
14:29:31  29.6   0.0   0.2  70.2   0.1    7   2647   9740  147    6  147 164.43 
14:29:32  29.7   0.0   0.1  70.2   0.0    7   2552   9774  142    6  142 163.97 
14:29:33  29.6   0.0   0.1  70.3   0.0    7   2490   9607  142    6  142 164.52 
14:29:34  29.7   0.0   0.2  70.2   0.0    7   2658   9733  142    6  142 164.35 
14:29:35  29.8   0.0   0.1  70.2   0.0    7   2816   9821  142    6  142 166.87 
14:29:36  29.6   0.0   0.1  70.2   0.1    7   2782   9569  142    6  142 166.30 
14:29:37  29.7   0.0   0.1  70.3   0.0    7   3194   9977  142    6  142 165.62 
14:29:38  29.6   0.0   0.1  70.3   0.0    7   2903   9888  142    6  142 164.15 
14:29:39  29.7   0.0   0.1  70.3   0.0    7   3076   9820  137    6  137 167.36 
14:29:40  29.7   0.0   0.1  70.2   0.0    7   2670   9906  142    6  142 163.77 
14:29:41  29.6   0.0   0.1  70.3   0.0    7   2599   9725  137    6  137 165.12 
14:29:42  29.7   0.0   0.1  70.1   0.1    7   2469   9414  137    6  137 165.34 
14:29:43  27.4   0.0   0.1  72.5   0.0    7   3140   9264  139    8  139 157.77 
14:29:44  29.8   0.0   0.1  70.1   0.0    7   3037   9939  157    6  157 166.83 
14:29:45  29.6   0.0   0.2  70.2   0.0    7   3178   9903  152    6  152 166.44 
14:29:46  29.6   0.0   0.1  70.3   0.0    7   2540  10029  152    6  152 165.55 
  Time    User  Nice   Sys  Idle    IO  Run Ctxt/s  IRQ/s Fork Exec Exit  Watts
14:29:47  29.8   0.0   0.1  70.2   0.0    7   2880   9996  152    6  152 165.52 
14:29:48  29.7   0.0   0.1  70.2   0.1    7   2817   9802  152    6  152 165.98 
14:29:49  29.6   0.0   0.1  70.3   0.0    7   2405   9712  152    6  152 165.49 
14:29:50  29.7   0.0   0.1  70.2   0.0    7   2514   9888  147    6  147 165.31 
14:29:51  29.8   0.0   0.1  70.2   0.0    7   3034  10187  152    6  152 165.76 
14:29:52  29.8   0.0   0.1  70.2   0.0    7   3034  10116  147    6  147 166.97 
14:29:53  29.7   0.0   0.1  70.2   0.0    7   2753  10049  147    6  147 165.79 
14:29:54  29.7   0.0   0.1  70.1   0.2    7   2669   9893  147    6  147 164.63 
14:29:55  29.7   0.0   0.1  70.2   0.0    7   2411   9734  147    6  147 164.36 
14:29:56  29.7   0.0   0.1  70.3   0.0    7   2479   9584  147    6  147 164.50 
14:29:57  29.6   0.0   0.1  70.3   0.0    7   2687   9979  147    6  147 166.40 
14:29:58  29.8   0.0   0.1  70.1   0.0    7   2797  10150  142    6  142 164.92 
14:29:59  29.7   0.0   0.1  70.1   0.2    7   2853   9842  142    6  142 164.87 
14:30:00  29.8   0.0   0.1  70.1   0.0    7   2817   9945  147    6  147 166.21 
14:30:01  29.7   0.0   0.1  70.2   0.0    7   2830   9839  142    6  142 164.46 
14:30:02  29.7   0.0   0.1  70.2   0.0    7   2884  10064  142    6  142 164.66 
14:30:03  29.7   0.0   0.1  70.2   0.0    7   3037  10140  137    6  137 165.00 
14:30:04  29.7   0.0   0.1  70.2   0.0    7   3006  10171  142    6  142 166.60 
14:30:05  29.7   0.0   0.1  70.0   0.2    7   2925  10055  142    6  142 166.26 
14:30:06  29.8   0.0   0.1  70.1   0.0    7   2308   9466  142    6  142 168.70 
14:30:07  27.6   0.0   0.1  72.3   0.0    7   3217   9615  139    8  139 157.53 
14:30:08  29.6   0.0   0.1  70.2   0.0    7   3124   9960  157    6  157 167.83 
14:30:09  29.7   0.0   0.1  70.1   0.0    7   2398   9683  152    6  152 165.93 
  Time    User  Nice   Sys  Idle    IO  Run Ctxt/s  IRQ/s Fork Exec Exit  Watts
14:30:10  29.7   0.0   0.1  70.3   0.0    7   2809  10109  152    6  152 166.23 
14:30:11  29.6   0.0   0.2  70.3   0.0    7   2411  10077  152    6  152 164.58 
14:30:12  29.7   0.0   0.1  70.2   0.0    7   2923  10071  152    6  152 166.68 
14:30:13  29.7   0.0   0.1  70.2   0.0    7   3070   9822  147    6  147 168.03 
14:30:14  29.7   0.0   0.1  70.3   0.0    8   2459   9730  152    6  152 164.74 
14:30:15  29.7   0.0   0.1  69.9   0.2    7   2870  10239  147    6  147 165.50 
14:30:16  29.8   0.0   0.2  69.9   0.2    7   3551  10476  150    9  149 168.34 
14:30:17  29.6   0.0   0.1  70.2   0.0    7   2997  10195  152    6  152 168.00 
14:30:18  29.7   0.0   0.1  70.2   0.0    7   2893  10092  147    6  147 167.00 
14:30:19  29.6   0.0   0.2  70.2   0.0    7   2830   9895  147    6  147 167.92 
14:30:20  29.7   0.0   0.2  70.1   0.0    7   2611   9781  147    6  147 166.03 
14:30:21  29.8   0.0   0.1  70.2   0.0    7   2579   9750  142    6  142 166.96 
14:30:22  29.8   0.0   0.1  70.0   0.2    7   2905  10518  147    6  147 163.35 
14:30:23  29.7   0.0   0.1  70.2   0.0    7   3040  10159  142    6  142 166.66 
14:30:24  29.8   0.0   0.0  70.2   0.0    7   2282   9701  142    6  142 166.26 
14:30:25  29.7   0.0   0.1  70.2   0.0    7   2465   9685  147    6  147 166.65 
14:30:26  29.8   0.0   0.1  70.2   0.0    7   2718  10121  142    6  142 165.04 
14:30:27  29.6   0.0   0.2  70.0   0.2    7   2805   9567  137    6  137 166.15 
14:30:28  29.8   0.0   0.1  70.2   0.0    7   2292   9560  147    6  147 167.77 
14:30:29  29.6   0.0   0.1  70.3   0.0    7   2212   9821  137    6  137 163.34 
14:30:30  27.1   0.0   0.2  72.8   0.0    7   3424   9459  134    8  134 154.21 
14:30:31  29.7   0.0   0.1  70.2   0.0    7   3354  10416  152    6  152 163.26 
14:30:32  29.8   0.0   0.1  70.2   0.0    8   3097   9888  157    6  157 165.79 
  Time    User  Nice   Sys  Idle    IO  Run Ctxt/s  IRQ/s Fork Exec Exit  Watts
14:30:33  29.7   0.0   0.1  70.1   0.1    7   3237  10139  152    6  152 166.39 
14:30:34  29.8   0.0   0.1  70.2   0.0    7   3306  10064  152    6  152 165.98 
14:30:35  29.7   0.0   0.1  70.2   0.0    7   3433  10286  152    6  152 167.81 
14:30:36  29.7   0.0   0.1  70.2   0.0    7   3015  10044  147    6  147 167.62 
14:30:37  29.7   0.0   0.2  70.2   0.0    7   2615   9689  152    6  152 165.02 
14:30:38  29.7   0.0   0.1  70.3   0.0    7   2301   9450  147    6  147 164.17 
14:30:39  29.6   0.0   0.2  70.2   0.1    7   2412   9864  148    6  152 163.86 
14:30:40  29.7   0.0   0.2  70.2   0.0    7   2759   9900  151    6  147 165.89 
14:30:41  29.8   0.0   0.1  70.2   0.0    7   2894  10262  147    6  147 163.88 
14:30:42  29.7   0.0   0.1  70.2   0.0    7   3144  10319  147    6  147 166.14 
14:30:43  29.7   0.0   0.1  70.2   0.0    7   2859   9688  147    6  147 168.05 
14:30:44  29.7   0.0   0.1  70.2   0.0    7   2649   9773  147    6  147 167.67 
14:30:45  29.8   0.0   0.1  70.0   0.1    7   2635   9801  142    6  142 165.38 
14:30:46  29.8   0.0   0.1  70.2   0.0    7   2813   9763  147    6  147 168.39 
14:30:47  29.7   0.0   0.1  70.2   0.0    7   2732   9748  147    6  151 167.41 
14:30:48  29.7   0.0   0.1  70.2   0.0    7   3153  10105  142    6  142 165.87 
14:30:49  29.7   0.0   0.1  70.2   0.0    7   2453   9608  142    6  142 167.91 
14:30:50  29.7   0.0   0.1  70.3   0.0    7   2493   9758  142    6  142 167.23 
14:30:51  29.7   0.0   0.1  68.6   1.6    7   2826   9848  142    6  142 167.78 
14:30:52  29.7   0.0   0.1  69.4   0.8    7   2659   9723  142    6  142 163.77 
14:30:53  27.1   0.0   0.2  72.7   0.0    7   3493   9827  134    8  134 154.03 
14:30:54  29.7   0.0   0.1  70.3   0.0    7   3580  10374  152    6  152 166.71 
14:30:55  29.6   0.0   0.1  70.3   0.0    7   3194  10347  152    6  152 166.07 
  Time    User  Nice   Sys  Idle    IO  Run Ctxt/s  IRQ/s Fork Exec Exit  Watts
14:30:56  29.8   0.0   0.0  70.2   0.0    7   3131  10126  152    6  152 168.66 
14:30:57  29.6   0.0   0.1  70.2   0.2    7   2919   9944  157    6  157 165.90 
14:30:58  29.5   0.0   0.2  70.3   0.0    7   2794   9880  152    6  152 167.48 
14:30:59  29.6   0.0   0.1  70.3   0.0    7   2487   9808  147    6  147 164.98 
14:31:00  29.6   0.0   0.2  70.3   0.0    7   3118   9979  147    6  147 166.87 
14:31:01  29.6   0.0   0.1  70.3   0.0    7   2936   9901  152    6  152 165.60 
14:31:02  29.7   0.0   0.1  70.2   0.0    7   2322   9636  147    6  147 167.51 
14:31:03  29.6   0.0   0.1  70.1   0.2    7   3501  10272  152    6  152 165.56 
14:31:04  29.8   0.0   0.1  70.1   0.0    7   2636   9489  147    6  147 166.12 
14:31:05  29.9   0.0   0.1  70.0   0.0    7   2680   9376  147    6  147 167.35 
14:31:06  29.7   0.0   0.1  70.2   0.0    7   3012   9951  147    6  147 167.18 
14:31:07  29.7   0.0   0.1  70.2   0.0    7   3322  10018  147    6  147 168.43 
14:31:08  29.7   0.0   0.1  70.2   0.0    7   3107  10134  147    6  147 167.14 
14:31:09  29.8   0.0   0.1  70.0   0.1    7   2798  10042  142    6  142 166.08 
14:31:10  29.7   0.0   0.1  70.3   0.0    7   2738   9924  142    6  142 166.31 
14:31:11  29.7   0.0   0.1  70.2   0.0    7   3429  10157  147    6  147 165.96 
14:31:12  29.6   0.0   0.1  70.3   0.0    7   2421   9678  142    6  142 165.32 
14:31:13  29.7   0.0   0.2  70.1   0.0    7   2224   9357  142    6  142 167.39 
14:31:14  29.7   0.0   0.1  70.2   0.0    7   2188   9236  142    6  142 167.39 
14:31:15  29.7   0.0   0.1  70.2   0.0    7   2365   9554  142    6  142 164.77 
14:31:16  29.6   0.0   0.1  70.3   0.0    9   2602   9560  142    6  142 168.34 
14:31:17  29.7   0.0   0.1  70.2   0.0    7   2947   9897  142    6  142 169.87 
14:31:18  29.7   0.0   0.1  70.2   0.0    7   3023   9761  137    6  137 168.40 
  Time    User  Nice   Sys  Idle    IO  Run Ctxt/s  IRQ/s Fork Exec Exit  Watts
14:31:19  29.7   0.0   0.1  70.2   0.0    7   2690   9804  142    6  142 166.93 
14:31:20  29.7   0.0   0.1  70.3   0.0    7   2577   9515  137    6  137 166.35 
-------- ----- ----- ----- ----- ----- ---- ------ ------ ---- ---- ---- ------ 
 Average  29.5   0.0   0.1  70.3   0.1  7.0 3004.7 9831.8 147.4  6.1 147.3 167.94 
 GeoMean  29.4   0.0   0.0  70.3   0.0  6.9 2971.3 9820.4 146.9  6.0 146.3 167.76 
  StdDev   1.3   0.0   0.1   1.1   0.5  0.7  526.9  418.3  8.4  0.7  8.8   6.17 
-------- ----- ----- ----- ----- ----- ---- ------ ------ ---- ---- ---- ------ 
 Minimum   2.8   0.0   0.0  65.5   0.0  2.0 2180.0 3769.0 16.0  1.0  2.0  51.46 
 Maximum  30.7   0.0   2.6  90.0   4.7 10.0 10958.0 13164.0 176.0 14.0 168.0 176.40 
-------- ----- ----- ----- ----- ----- ---- ------ ------ ---- ---- ---- ------ 
Summary:
CPU: 167.94 Watts on average with standard deviation 6.17  
Note: power read from RAPL domains: uncore, pkg-0, core.
These readings do not cover all the hardware in this device.
