Running for 600.0 seconds (600 samples at 1.0 second intervals).
Power measurements will start in 0 seconds time.

  Time    User  Nice   Sys  Idle    IO  Run Ctxt/s  IRQ/s Fork Exec Exit  Watts
15:18:35   1.7   0.0   3.1  93.6   1.7    2   3299   2957   16    7    7  44.06 
15:18:36   0.0   0.0   5.0  95.0   0.0    3    942   1763    1    0    1  45.52 
15:18:37   0.1   0.0   5.0  94.9   0.0    2   1070   1756    6    6    6  45.41 
15:18:38  22.8   0.0   0.9  76.3   0.0    7   2848   7793   97    6   92 137.83 
15:18:39  29.7   0.0   0.1  70.2   0.0    7   3650  10232  172    6  172 163.99 
15:18:40  29.8   0.0   0.1  70.1   0.0    7   3605  10375  172    6  172 164.90 
15:18:41  29.7   0.0   0.1  70.0   0.2    7   3526  10257  172    6  172 163.45 
15:18:42  29.7   0.0   0.1  70.2   0.0    7   3577  10419  169    6  167 163.33 
15:18:43  29.7   0.0   0.2  70.1   0.0    7   3650  10168  162    6  162 159.70 
15:18:44  29.6   0.0   0.3  70.2   0.0    7   3395  10142  162    6  163 162.98 
15:18:45  29.7   0.0   0.1  70.2   0.0    7   3211  10050  162    6  162 161.80 
15:18:46  29.7   0.0   0.2  70.1   0.0    8   3291  10131  167    6  167 163.81 
15:18:47  29.8   0.0   0.1  70.1   0.1    7   3195  10154  162    6  162 165.42 
15:18:48  29.9   0.0   0.1  70.1   0.0    7   3361  10159  162    6  162 165.74 
15:18:49  29.8   0.0   0.1  70.2   0.0    7   3591  10467  162    6  162 166.83 
15:18:50  29.7   0.0   0.2  70.1   0.0    7   3384   9884  162    6  162 166.27 
15:18:51  29.6   0.0   0.2  70.2   0.1    7   3195   9916  157    6  157 163.67 
15:18:52  28.0   0.0   0.2  71.8   0.0    7   3871   9983  149    8  149 159.08 
15:18:53  29.7   0.0   0.1  70.1   0.1    7   4011  10581  172    6  172 165.28 
15:18:54  29.6   0.0   0.2  70.3   0.0    7   3996  10480  172    6  172 165.95 
15:18:55  29.8   0.0   0.1  70.0   0.1    7   3523  10205  167    6  167 165.72 
15:18:56  29.7   0.0   0.2  70.2   0.0    7   3847  10343  172    6  172 167.75 
15:18:57  29.6   0.0   0.2  70.2   0.0    7   3541  10072  172    6  172 168.95 
  Time    User  Nice   Sys  Idle    IO  Run Ctxt/s  IRQ/s Fork Exec Exit  Watts
15:18:58  29.8   0.0   0.1  67.8   2.4    7   3301  10108  167    6  167 166.67 
15:18:59  29.8   0.0   0.1  67.4   2.8    7   3894  10269  167    6  167 170.60 
15:19:00  29.8   0.0   0.1  70.1   0.0    7   3746  10185  167    6  167 168.85 
15:19:01  29.8   0.0   0.1  70.1   0.0    7   3584  10049  162    6  162 166.07 
15:19:02  29.7   0.0   0.2  70.1   0.0    7   3250   9919  157    6  157 162.98 
15:19:03  29.7   0.0   0.2  70.2   0.0    7   3071   9815  162    6  162 166.62 
15:19:04  29.7   0.0   0.2  67.6   2.6    8   3167  10021  162    6  162 167.25 
15:19:05  29.7   0.0   0.2  70.2   0.0    7   3023   9937  157    6  157 164.21 
15:19:06  29.7   0.0   0.2  70.2   0.0    7   3153   9930  157    6  157 167.32 
15:19:07  29.9   0.0   0.1  70.1   0.0    7   3357   9990  157    6  157 170.25 
15:19:08  28.4   0.0   0.1  71.4   0.0    7   4321  10708  149    8  149 163.41 
15:19:09  29.8   0.0   0.1  70.1   0.0    7   3888  10443  172    6  172 168.17 
15:19:10  29.7   0.0   0.1  70.0   0.2    7   3748  10195  172    6  172 168.12 
15:19:11  29.8   0.0   0.1  70.1   0.0    7   3918  10130  172    6  172 169.77 
15:19:12  29.8   0.0   0.1  70.2   0.0    7   3964  10266  167    6  167 166.79 
15:19:13  29.8   0.0   0.1  70.1   0.0    7   3895  10339  167    6  167 167.90 
15:19:14  29.6   0.0   0.2  70.3   0.0    7   3777  10266  167    6  167 168.72 
15:19:15  29.6   0.0   0.2  70.3   0.0    7   4325  10439  162    6  162 166.72 
15:19:16  29.7   0.0   0.2  70.1   0.1    7   4159  10407  162    6  162 167.83 
15:19:17  29.7   0.0   0.1  70.3   0.0    7   3963  10163  162    6  162 167.48 
15:19:18  29.8   0.0   0.1  70.2   0.0    7   3438  10049  162    6  162 168.40 
15:19:19  29.6   0.0   0.2  70.2   0.0    7   3377  10330  162    6  162 165.62 
15:19:20  29.7   0.0   0.2  70.1   0.0    7   3235  10179  157    6  157 166.73 
  Time    User  Nice   Sys  Idle    IO  Run Ctxt/s  IRQ/s Fork Exec Exit  Watts
15:19:21  29.6   0.0   0.1  70.2   0.1    7   3337   9974  157    6  157 167.40 
15:19:22  29.8   0.0   0.1  70.0   0.0    7   3526  10149  162    6  162 170.93 
15:19:23  29.9   0.0   0.1  70.1   0.0    7   3231   9804  152    6  152 168.18 
15:19:24  28.0   0.0   0.2  71.9   0.0    7   4140  10723  164    8  164 161.25 
15:19:25  29.7   0.0   0.1  70.2   0.0    7   3531  10092  172    6  172 168.30 
15:19:26  29.7   0.0   0.2  70.2   0.0    7   3762  10269  167    6  167 168.97 
15:19:27  29.7   0.0   0.2  70.0   0.2    7   3571  10218  167    6  167 168.44 
15:19:28  29.8   0.0   0.1  70.1   0.0    7   3762  10076  167    6  167 168.91 
15:19:29  29.8   0.0   0.1  70.2   0.0    7   3594  10034  172    6  172 171.52 
15:19:30  29.8   0.0   0.1  70.2   0.0    7   3821  10244  162    6  162 168.07 
15:19:31  29.7   0.0   0.2  70.1   0.0    7   3538  10277  162    6  162 167.42 
15:19:32  29.7   0.0   0.1  70.2   0.0    7   3110   9938  162    6  162 165.73 
15:19:33  29.8   0.0   0.1  70.0   0.1    7   3678  10318  157    6  157 168.43 
15:19:34  29.7   0.0   0.2  70.1   0.0    7   3449  10146  162    6  162 167.53 
15:19:35  29.9   0.0   0.0  70.1   0.0    7   3711  10490  157    6  157 169.75 
15:19:36  29.8   0.0   0.1  70.1   0.0    7   3339  10059  157    6  157 164.78 
15:19:37  29.7   0.0   0.1  70.2   0.0    7   2947   9919  157    6  157 168.31 
15:19:38  29.9   0.0   0.0  70.0   0.0    7   3157   9934  162    6  162 170.60 
15:19:39  29.7   0.0   0.2  70.0   0.1    7   3815  10494  152    6  152 167.85 
15:19:40  28.4   0.0   0.1  71.5   0.0    7   4364  10891  149    8  149 162.49 
15:19:41  29.9   0.0   0.1  70.1   0.0    7   3605  10060  172    6  172 171.95 
15:19:42  29.8   0.0   0.1  70.1   0.0    7   3827  10287  172    6  172 170.81 
15:19:43  29.6   0.0   0.2  70.2   0.0    7   3799  10194  172    6  172 170.79 
  Time    User  Nice   Sys  Idle    IO  Run Ctxt/s  IRQ/s Fork Exec Exit  Watts
15:19:44  29.8   0.0   0.1  70.1   0.0    7   3477  10041  172    6  172 171.08 
15:19:45  29.8   0.0   0.1  70.0   0.1    7   3847   9950  167    6  167 170.15 
15:19:46  29.7   0.0   0.1  70.2   0.0    7   3604   9905  172    6  172 173.29 
15:19:47  29.8   0.0   0.1  70.1   0.0    7   3369   9797  162    6  162 170.47 
15:19:48  29.6   0.0   0.1  70.3   0.0    8   3372   9886  167    6  167 170.54 
15:19:49  29.7   0.0   0.1  70.2   0.0    7   3731  10086  167    6  167 171.26 
15:19:50  29.7   0.0   0.1  70.2   0.0    7   3180   9802  162    6  162 170.20 
15:19:51  29.7   0.0   0.1  70.2   0.0    7   2950   9967  157    6  157 166.96 
15:19:52  29.8   0.0   0.1  70.2   0.0    7   3283   9734  162    6  162 170.66 
15:19:53  29.6   0.0   0.2  70.2   0.0    7   3614  10019  162    6  162 172.11 
15:19:54  28.2   0.0   0.1  71.7   0.0    7   4179  10060  159    8  159 165.45 
15:19:55  29.7   0.0   0.1  70.2   0.0    7   4074  10241  172    6  172 169.93 
15:19:56  29.8   0.0   0.1  70.1   0.0    7   3746  10341  172    6  172 170.01 
15:19:57  29.8   0.0   0.1  70.0   0.1    7   3607  10144  167    6  167 171.80 
15:19:58  29.6   0.0   0.2  70.2   0.0    7   3640  10259  167    6  167 168.73 
15:19:59  29.8   0.0   0.1  70.1   0.0    7   4011  10596  167    6  167 168.60 
15:20:00  29.7   0.0   0.1  70.2   0.0    7   3190  10106  162    6  162 167.30 
15:20:01  29.7   0.0   0.1  70.2   0.0    7   3172  10259  162    6  162 165.41 
15:20:02  29.7   0.0   0.1  70.2   0.0    7   3516  10376  162    6  162 169.21 
15:20:03  29.7   0.0   0.1  70.0   0.2    7   3635  10249  162    6  162 170.88 
15:20:04  29.8   0.0   0.1  70.1   0.0    8   3622  10109  162    6  162 168.97 
15:20:05  29.7   0.0   0.2  70.1   0.0    7   3565  10268  157    6  157 169.63 
15:20:06  29.7   0.0   0.1  70.2   0.0    8   3281  10020  157    6  157 166.24 
  Time    User  Nice   Sys  Idle    IO  Run Ctxt/s  IRQ/s Fork Exec Exit  Watts
15:20:07  29.8   0.0   0.1  70.1   0.0    7   3428  10322  157    6  157 169.69 
15:20:08  29.8   0.0   0.1  70.1   0.0    7   3444  10204  152    6  152 167.10 
15:20:09  27.8   0.0   0.2  71.9   0.1    7   3949  10655  154    8  154 160.37 
15:20:10  29.8   0.0   0.1  70.1   0.0    7   4046  10558  172    6  172 171.59 
15:20:11  29.7   0.0   0.1  70.2   0.1    7   3895  10280  177    6  177 172.55 
15:20:12  29.7   0.0   0.2  70.2   0.0    7   3507  10079  167    6  167 171.18 
15:20:13  29.7   0.0   0.1  70.2   0.0    7   3687  10132  172    6  172 173.36 
15:20:14  29.7   0.0   0.2  70.0   0.1    7   3652  10059  177    6  177 175.54 
15:20:15  29.8   0.0   0.1  70.1   0.0    7   3855  10500  167    6  167 172.03 
15:20:16  29.7   0.0   0.1  70.2   0.0    7   3681  10083  170    9  169 172.32 
15:20:17  29.8   0.0   0.1  70.2   0.0    7   3661  10420  167    6  167 171.78 
15:20:18  29.7   0.0   0.1  70.2   0.0    7   3775  10697  162    6  162 172.22 
15:20:19  29.8   0.0   0.1  70.1   0.0    8   3695  10546  162    6  162 169.10 
15:20:20  29.8   0.0   0.1  70.0   0.1    7   3954  10560  162    6  162 171.23 
15:20:21  29.8   0.0   0.1  70.1   0.0    7   3429  10140  157    6  157 172.05 
15:20:22  29.8   0.0   0.1  70.1   0.0    7   3567  10481  157    6  157 169.29 
15:20:23  28.2   0.0   0.2  71.6   0.0    7   4034  10444  154    8  154 162.89 
15:20:24  29.8   0.0   0.1  70.1   0.0    7   3594  10160  177    6  177 175.05 
15:20:25  29.7   0.0   0.2  70.0   0.2    7   3773  10259  172    6  172 171.68 
15:20:26  29.7   0.0   0.1  70.2   0.0    7   3764  10370  172    6  172 171.97 
15:20:27  29.7   0.0   0.1  70.2   0.0    7   3592  10252  167    6  167 169.79 
15:20:28  29.7   0.0   0.1  70.2   0.0    7   3528  10148  172    6  172 171.69 
15:20:29  29.7   0.0   0.1  70.2   0.0    7   3436   9828  167    6  167 170.83 
  Time    User  Nice   Sys  Idle    IO  Run Ctxt/s  IRQ/s Fork Exec Exit  Watts
15:20:30  29.8   0.0   0.2  70.1   0.0    7   3752  10530  162    6  162 171.42 
15:20:31  29.7   0.0   0.1  70.2   0.0    7   3843  10467  167    6  167 169.74 
15:20:32  28.0   0.0   0.2  71.8   0.0    7   4063  10357  154    8  154 159.86 
15:20:33  29.8   0.0   0.1  70.1   0.0    7   4382  10820  172    6  172 169.85 
15:20:34  29.7   0.0   0.1  70.2   0.0    7   3167  10011  172    6  172 169.19 
15:20:35  29.7   0.0   0.1  70.2   0.0    7   2869   9961  172    6  172 170.64 
15:20:36  29.7   0.0   0.1  70.2   0.0    7   3305  10024  172    6  172 171.42 
15:20:37  29.7   0.0   0.1  70.1   0.1    7   3071   9772  167    6  167 170.91 
15:20:38  29.8   0.0   0.1  70.1   0.0    7   3550  10320  162    6  162 170.95 
15:20:39  29.8   0.0   0.1  70.1   0.0    7   3759  10254  172    6  172 171.72 
15:20:40  29.8   0.0   0.1  70.1   0.0    7   3354   9927  162    6  162 170.20 
15:20:41  28.3   0.0   0.1  71.5   0.0    7   4422  10361  164    8  164 167.43 
15:20:42  29.7   0.0   0.1  70.2   0.0    7   3644   9998  172    6  172 168.53 
15:20:43  29.7   0.0   0.2  69.7   0.4    7   3886  10357  174    6  174 171.31 
15:20:44  29.8   0.0   0.1  70.2   0.0    7   3594  10076  167    6  167 169.77 
15:20:45  29.7   0.0   0.2  70.1   0.0    7   3930  10271  167    6  167 170.40 
15:20:46  29.7   0.0   0.1  70.2   0.0    7   2979   9791  167    6  167 168.80 
15:20:47  29.6   0.0   0.2  70.2   0.0    8   3090   9964  162    6  162 167.58 
15:20:48  29.7   0.0   0.1  70.1   0.1    7   3401  10180  157    6  157 166.92 
15:20:49  29.7   0.0   0.2  70.2   0.0    7   3491  10081  162    6  162 168.73 
15:20:50  29.7   0.0   0.1  70.2   0.0    7   3397   9940  167    6  167 170.73 
15:20:51  29.8   0.0   0.1  70.1   0.0    7   3657  10115  157    6  157 168.94 
15:20:52  29.9   0.0   0.0  70.1   0.0    7   3412   9956  162    6  162 169.91 
  Time    User  Nice   Sys  Idle    IO  Run Ctxt/s  IRQ/s Fork Exec Exit  Watts
15:20:53  29.7   0.0   0.1  70.2   0.0    7   3193  10013  157    6  157 170.18 
15:20:54  29.8   0.0   0.1  70.0   0.1    7   3875  10266  162    6  162 173.35 
15:20:55  28.4   0.0   0.1  71.2   0.2    7   3800  10397  149    8  149 161.73 
15:20:56  29.8   0.0   0.1  70.1   0.0    7   3832  10573  172    6  172 169.52 
15:20:57  29.6   0.0   0.2  70.2   0.0    7   3933  10761  172    6  172 169.32 
15:20:58  29.7   0.0   0.1  70.2   0.0    7   3408  10016  167    6  167 169.48 
15:20:59  29.8   0.0   0.1  70.1   0.0    7   4077  10514  167    6  167 170.21 
15:21:00  29.8   0.0   0.1  70.1   0.1    7   3725  10283  172    6  172 173.17 
15:21:01  29.7   0.0   0.2  70.1   0.0    7   3558  10051  167    6  167 171.61 
15:21:02  29.8   0.0   0.1  70.1   0.0    7   3559  10265  167    6  167 172.33 
15:21:03  29.7   0.0   0.1  70.3   0.0    7   3477  10173  162    6  162 168.66 
15:21:04  29.7   0.0   0.1  70.2   0.0    7   3103   9804  157    6  157 166.54 
15:21:05  29.8   0.0   0.1  70.1   0.0    7   3431   9952  162    6  162 169.39 
15:21:06  29.7   0.0   0.1  70.1   0.1    7   3458  10109  157    6  157 171.17 
15:21:07  29.9   0.0   0.1  70.1   0.0    8   3100   9770  162    6  162 169.37 
15:21:08  29.8   0.0   0.1  70.1   0.0    7   3560  10166  162    6  162 171.98 
15:21:09  29.8   0.0   0.1  70.1   0.0    7   3222   9903  157    6  157 171.47 
15:21:10  29.8   0.0   0.1  70.1   0.0    8   3606  10053  162    6  162 172.56 
15:21:11  28.2   0.0   0.2  71.6   0.0    9   4096  10410  153    7  150 160.84 
15:21:12  29.8   0.0   0.1  70.2   0.0    7   3279  10014  166    1  169 171.43 
15:21:13  29.7   0.0   0.2  70.2   0.0    7   3667  10181  172    6  172 170.76 
15:21:14  29.8   0.0   0.1  70.1   0.0    7   3728  10517  167    6  167 169.31 
15:21:15  29.7   0.0   0.1  70.2   0.0    7   3184   9837  167    6  167 167.15 
  Time    User  Nice   Sys  Idle    IO  Run Ctxt/s  IRQ/s Fork Exec Exit  Watts
15:21:16  29.8   0.0   0.1  70.2   0.0    7   3024  10011  162    6  162 166.47 
15:21:17  29.7   0.0   0.1  70.2   0.0    7   3526   9924  162    6  162 169.80 
15:21:18  29.8   0.0   0.1  70.2   0.0    7   3617  10045  167    6  167 169.95 
15:21:19  29.7   0.0   0.1  70.1   0.1    7   3410  10030  157    6  157 169.03 
15:21:20  29.8   0.0   0.1  70.1   0.0    7   3449   9832  167    6  167 171.72 
15:21:21  29.8   0.0   0.1  70.1   0.0    7   3371  10110  162    6  162 169.94 
15:21:22  29.7   0.0   0.1  70.2   0.0    7   3440  10102  157    6  157 167.81 
15:21:23  29.8   0.0   0.1  70.1   0.0    7   3368  10112  162    6  162 171.47 
15:21:24  29.9   0.0   0.0  70.1   0.0    7   3179   9912  157    6  157 170.29 
15:21:25  29.9   0.0   0.0  70.0   0.0    7   3600  10117  157    6  157 169.25 
15:21:26  29.8   0.0   0.1  70.1   0.0    8   3529  10008  152    6  152 167.67 
15:21:27  28.4   0.0   0.1  71.5   0.0    7   3977  10519  159    8  159 164.19 
15:21:28  29.7   0.0   0.1  70.2   0.0    7   3731  10134  172    6  172 172.07 
15:21:29  29.8   0.0   0.1  70.1   0.0    8   3944  10357  177    6  177 172.88 
15:21:30  29.7   0.0   0.2  70.1   0.0    7   3707  10099  162    6  162 168.56 
15:21:31  29.7   0.0   0.1  70.1   0.1    7   3578  10051  167    6  167 168.14 
15:21:32  29.8   0.0   0.1  70.1   0.0    7   3424  10119  167    6  167 172.16 
15:21:33  29.8   0.0   0.1  70.1   0.0    7   3531  10166  167    6  167 171.71 
15:21:34  29.8   0.0   0.1  70.1   0.0    7   4083  10504  162    6  162 169.08 
15:21:35  29.7   0.0   0.1  70.2   0.0    7   3283   9894  167    6  167 168.96 
15:21:36  29.7   0.0   0.2  70.2   0.0    7   3499  10161  157    6  157 168.99 
15:21:37  29.7   0.0   0.2  70.1   0.1    7   2674   9687  162    6  162 166.95 
15:21:38  29.7   0.0   0.2  70.1   0.0    7   3022   9984  157    6  157 170.50 
  Time    User  Nice   Sys  Idle    IO  Run Ctxt/s  IRQ/s Fork Exec Exit  Watts
15:21:39  29.8   0.0   0.1  70.1   0.0    7   3716  10214  162    6  162 171.69 
15:21:40  29.8   0.0   0.1  70.2   0.0    7   3473  10198  157    6  157 168.78 
15:21:41  29.9   0.0   0.1  70.0   0.0    7   3608  10133  157    6  157 169.45 
15:21:42  29.8   0.0   0.1  70.1   0.0    7   3952  10244  152    6  152 169.75 
15:21:43  28.4   0.0   0.1  71.3   0.1    7   4247  10413  149    8  149 163.57 
15:21:44  29.8   0.0   0.1  70.1   0.0    7   3201  10000  172    6  172 169.67 
15:21:45  29.8   0.0   0.1  70.1   0.0    7   3682  10310  172    6  172 170.08 
15:21:46  29.7   0.0   0.2  70.2   0.0    7   3322  10219  172    6  172 171.00 
15:21:47  29.7   0.0   0.1  70.2   0.0    7   3956  10370  167    6  167 170.25 
15:21:48  29.8   0.0   0.1  67.5   2.6    7   3737  10201  172    6  172 171.81 
15:21:49  29.8   0.0   0.1  70.1   0.0    7   3471  10148  162    6  162 170.11 
15:21:50  29.8   0.0   0.1  70.1   0.0    7   3413   9870  167    6  167 169.92 
15:21:51  29.7   0.0   0.1  70.2   0.0    8   3124   9738  167    6  167 171.33 
15:21:52  29.8   0.0   0.1  70.1   0.0    7   3545   9939  162    6  162 171.46 
15:21:53  29.8   0.0   0.1  70.1   0.0    7   2723   9934  162    6  162 167.72 
15:21:54  29.8   0.0   0.1  70.0   0.1    7   3506  10597  162    6  162 170.91 
15:21:55  29.8   0.0   0.1  70.1   0.0    7   3075  10056  157    6  157 166.95 
15:21:56  28.4   0.0   0.1  71.5   0.0    7   3951  10752  154    8  154 162.60 
15:21:57  29.8   0.0   0.1  70.2   0.0    7   3887  10325  172    6  172 173.20 
15:21:58  29.8   0.0   0.1  70.2   0.0    7   3471  10306  172    6  172 170.22 
15:21:59  29.7   0.0   0.2  70.1   0.0    7   4275  10761  172    6  172 172.27 
15:22:00  29.8   0.0   0.1  70.1   0.1    2   3592  10074  167    6  172 172.26 
15:22:01  29.7   0.0   0.1  70.2   0.0    7   3847  10294  172    6  167 170.76 
  Time    User  Nice   Sys  Idle    IO  Run Ctxt/s  IRQ/s Fork Exec Exit  Watts
15:22:02  29.8   0.0   0.1  70.1   0.0    7   3474  10224  157    6  157 166.27 
15:22:03  29.8   0.0   0.1  70.1   0.0    7   3265   9714  172    6  172 175.11 
15:22:04  29.8   0.0   0.2  70.1   0.0    8   3485   9871  167    6  167 171.63 
15:22:05  29.8   0.0   0.1  70.0   0.0    7   3249   9940  157    6  157 167.15 
15:22:06  29.8   0.0   0.2  70.0   0.1    7   3485  10181  157    6  157 165.78 
15:22:07  28.5   0.0   0.1  71.4   0.0    7   4441  11287  159    8  160 162.77 
15:22:08  29.8   0.0   0.1  70.1   0.0    7   3680  10604  167    6  167 168.49 
15:22:09  29.9   0.0   0.1  70.0   0.0    7   2861  10053  167    6  167 167.92 
15:22:10  29.7   0.0   0.2  70.1   0.0    7   3414  10333  162    6  162 164.27 
15:22:11  29.8   0.0   0.1  70.1   0.0    7   3521  10173  162    6  162 166.17 
15:22:12  29.8   0.0   0.1  70.0   0.1    7   3387  10125  167    6  167 171.43 
15:22:13  29.8   0.0   0.1  70.2   0.0    7   3350  10075  167    6  167 170.96 
15:22:14  29.9   0.0   0.1  70.0   0.0    7   3028   9981  162    6  162 169.35 
15:22:15  29.8   0.0   0.1  70.1   0.0    7   3234  10257  162    6  162 167.66 
15:22:16  29.8   0.0   0.1  70.1   0.0    7   3022  10112  159    6  162 168.50 
15:22:17  28.4   0.0   0.2  71.5   0.0    7   4315  10841  157    8  154 163.87 
15:22:18  29.9   0.0   0.1  69.9   0.1    7   3516  10149  167    6  167 166.01 
15:22:19  29.9   0.0   0.1  70.0   0.0    7   3983  10762  167    6  167 168.33 
15:22:20  29.9   0.0   0.1  70.0   0.0    7   3405   9913  167    6  167 170.04 
15:22:21  29.7   0.0   0.2  70.1   0.0    7   3566  10357  167    6  167 168.94 
15:22:22  29.8   0.0   0.1  70.1   0.0    7   3312  10248  162    6  162 165.29 
15:22:23  29.9   0.0   0.1  70.0   0.0    8   3472  10359  162    6  162 166.31 
15:22:24  29.8   0.0   0.2  70.0   0.1    7   3837  10541  162    6  162 167.01 
  Time    User  Nice   Sys  Idle    IO  Run Ctxt/s  IRQ/s Fork Exec Exit  Watts
15:22:25  29.7   0.0   0.2  70.2   0.0    7   3287  10540  152    6  152 163.17 
15:22:26  29.7   0.0   0.2  70.1   0.0    7   3515  10518  157    6  157 165.12 
15:22:27  29.9   0.0   0.1  70.0   0.0    7   3197  10545  157    6  157 167.39 
15:22:28  29.8   0.0   0.2  70.1   0.0    7   3383  10224  152    6  152 164.51 
15:22:29  29.8   0.0   0.1  70.0   0.1    7   3254  10561  152    6  152 165.81 
15:22:30  29.8   0.0   0.1  70.1   0.0    7   3397  10571  157    6  157 165.67 
15:22:31  28.2   0.0   0.1  71.7   0.0    7   3715  10527  144    8  144 158.28 
15:22:32  29.8   0.0   0.1  70.1   0.0    7   3842  11025  167    6  167 166.07 
15:22:33  29.8   0.0   0.1  70.1   0.0    7   3837  10724  167    6  167 167.89 
15:22:34  29.7   0.0   0.1  70.2   0.0    7   3538  10321  167    6  167 168.99 
15:22:35  29.9   0.0   0.1  70.0   0.1    7   3619  10113  167    6  167 167.48 
15:22:36  29.8   0.0   0.1  70.1   0.0    7   3706  10365  157    6  157 165.85 
15:22:37  29.8   0.0   0.2  70.1   0.0    7   3048   9884  167    6  167 166.15 
15:22:38  29.8   0.0   0.2  70.1   0.0    8   3281   9977  162    6  162 167.67 
15:22:39  29.8   0.0   0.1  70.1   0.0    7   3307  10172  157    6  157 166.17 
15:22:40  29.8   0.0   0.1  70.1   0.0    7   3405   9912  157    6  157 167.64 
15:22:41  29.8   0.0   0.1  70.0   0.1    7   3129   9781  162    6  162 166.87 
15:22:42  29.8   0.0   0.1  70.2   0.0    7   3214   9901  157    6  157 167.06 
15:22:43  29.8   0.0   0.1  70.1   0.0    7   3150   9929  152    6  152 165.41 
15:22:44  29.0   0.0   0.2  70.9   0.0    2   4034  10446  149    8  154 164.11 
15:22:45  28.9   0.0   0.2  70.9   0.0    7   3756  10191  162    6  157 163.10 
15:22:46  29.8   0.0   0.1  70.1   0.0    7   3419  10125  172    6  172 169.27 
15:22:47  29.9   0.0   0.1  69.9   0.1    7   3367  10261  167    6  167 168.60 
  Time    User  Nice   Sys  Idle    IO  Run Ctxt/s  IRQ/s Fork Exec Exit  Watts
15:22:48  29.7   0.0   0.1  70.2   0.0    7   3670  10529  162    6  162 166.75 
15:22:49  30.0   0.0   0.0  70.0   0.0    7   3512  10684  162    6  162 165.37 
15:22:50  29.9   0.0   0.1  70.0   0.0    7   3560  10474  162    6  162 168.52 
15:22:51  29.9   0.0   0.1  70.0   0.0    7   3238  10153  162    6  162 168.45 
15:22:52  29.8   0.0   0.1  70.1   0.0    7   3883  10241  167    6  167 170.82 
15:22:53  29.8   0.0   0.1  70.0   0.1    7   3724  10289  162    6  162 170.34 
15:22:54  29.8   0.0   0.1  70.1   0.0    7   3770  10236  157    6  157 168.02 
15:22:55  29.9   0.0   0.1  70.0   0.0    7   3672  10110  162    6  162 170.06 
15:22:56  29.7   0.0   0.2  70.1   0.0    7   3483   9987  162    6  162 169.62 
15:22:57  29.8   0.0   0.2  70.0   0.0    7   3236  10051  152    6  152 164.74 
15:22:58  29.8   0.0   0.1  70.2   0.0    7   3192  10058  147    6  147 165.05 
15:22:59  28.4   0.0   0.1  71.4   0.1    7   3861  10126  149    8  149 157.83 
15:23:00  29.9   0.0   0.1  70.0   0.0    7   3594  10199  172    6  172 170.51 
15:23:01  29.8   0.0   0.1  70.1   0.0    7   3341  10295  167    6  167 166.02 
15:23:02  29.9   0.0   0.1  70.0   0.0    7   3537  10103  167    6  167 169.63 
15:23:03  29.9   0.0   0.1  70.0   0.0    7   3912  10332  167    6  167 168.07 
15:23:04  29.7   0.0   0.2  70.1   0.0    7   3400   9553  172    6  172 173.43 
15:23:05  29.8   0.0   0.1  70.0   0.1    7   3309  10014  162    6  162 168.25 
15:23:06  29.9   0.0   0.1  70.1   0.0    7   3315   9980  157    6  157 165.71 
15:23:07  29.8   0.0   0.1  70.1   0.0    7   2993   9864  157    6  157 166.40 
15:23:08  29.7   0.0   0.1  70.2   0.0    7   3474  10210  162    6  162 167.57 
15:23:09  29.8   0.0   0.1  70.1   0.0    7   3442  10366  157    6  157 167.88 
15:23:10  29.8   0.0   0.2  70.1   0.0    7   3912  10145  162    6  162 170.41 
  Time    User  Nice   Sys  Idle    IO  Run Ctxt/s  IRQ/s Fork Exec Exit  Watts
15:23:11  29.8   0.0   0.1  70.0   0.1    7   3078  10088  152    6  152 167.68 
15:23:12  28.3   0.0   0.2  71.5   0.0    7   4182  10593  154    8  155 162.34 
15:23:13  29.9   0.0   0.1  70.1   0.0    7   3335  10016  167    6  167 167.82 
15:23:14  29.8   0.0   0.1  70.0   0.0    8   3506  10102  167    6  167 168.50 
15:23:15  29.8   0.0   0.1  70.1   0.0    7   3715  10305  168    6  167 169.72 
15:23:16  29.9   0.0   0.1  70.0   0.0    7   3574  10125  162    6  162 167.98 
15:23:17  29.9   0.0   0.1  70.0   0.1    7   3853  10216  172    6  172 172.90 
15:23:18  29.8   0.0   0.1  70.2   0.0    7   3399  10382  162    6  162 167.00 
15:23:19  29.8   0.0   0.2  70.0   0.0    7   2650   9930  157    6  157 163.47 
15:23:20  29.7   0.0   0.2  70.1   0.0    7   3463  10200  157    6  157 165.41 
15:23:21  29.8   0.0   0.1  70.1   0.0    7   2591   9711  162    6  162 166.62 
15:23:22  29.8   0.0   0.2  70.0   0.0    7   3216   9989  162    6  162 169.18 
15:23:23  29.9   0.0   0.1  70.0   0.1    7   3690  10066  162    6  162 173.19 
15:23:24  29.9   0.0   0.1  70.0   0.0    7   3642  10040  157    6  157 167.81 
15:23:25  29.8   0.0   0.1  70.1   0.0    7   3275  10249  152    6  152 165.08 
15:23:26  28.2   0.0   0.2  71.7   0.0    7   4113  10730  154    8  154 161.02 
15:23:27  29.9   0.0   0.1  70.0   0.0    7   3651  10332  167    6  167 167.59 
15:23:28  29.8   0.0   0.1  70.1   0.0    7   3511  10717  167    6  167 167.27 
15:23:29  29.9   0.0   0.1  70.0   0.1    7   3941  10426  167    6  167 169.81 
15:23:30  29.9   0.0   0.1  70.0   0.1    7   3668  10315  167    6  167 170.98 
15:23:31  29.8   0.0   0.1  70.1   0.0    8   2920   9971  167    6  167 168.34 
15:23:32  29.8   0.0   0.1  70.1   0.0    7   3210  10019  162    6  162 170.31 
15:23:33  29.8   0.0   0.1  70.1   0.0    7   3209  10339  162    6  162 166.73 
  Time    User  Nice   Sys  Idle    IO  Run Ctxt/s  IRQ/s Fork Exec Exit  Watts
15:23:34  29.8   0.0   0.1  70.1   0.0    7   3110  10421  152    6  152 163.23 
15:23:35  29.9   0.0   0.1  70.0   0.1    7   3828  10431  162    6  162 170.23 
15:23:36  28.1   0.0   0.1  71.8   0.0    7   3872  10388  154    8  154 158.71 
15:23:37  29.8   0.0   0.1  70.2   0.0    7   3753  10610  162    6  162 165.90 
15:23:38  29.6   0.0   0.2  70.2   0.0    7   3543  10396  167    6  167 167.04 
15:23:39  29.6   0.0   0.2  70.2   0.0    7   3407  10242  167    6  167 166.75 
15:23:40  29.8   0.0   0.1  70.0   0.1    7   3436  10294  162    6  162 167.89 
15:23:41  29.8   0.0   0.1  70.1   0.0    7   3334   9944  167    6  167 170.63 
15:23:42  29.8   0.0   0.1  70.1   0.0    7   3653  10384  162    6  162 167.54 
15:23:43  29.9   0.0   0.1  70.1   0.0    7   3589  10186  162    6  162 166.14 
15:23:44  29.8   0.0   0.1  70.1   0.0    7   3507  10361  157    6  157 164.49 
15:23:45  29.8   0.0   0.2  70.0   0.0    7   3281  10073  157    6  157 167.02 
15:23:46  28.3   0.0   0.2  71.5   0.1    7   4021  10092  154    8  154 161.28 
15:23:47  29.8   0.0   0.1  70.2   0.0    7   3603  10649  167    6  167 164.70 
15:23:48  29.8   0.0   0.1  70.0   0.0    7   3442  10756  167    6  167 166.27 
15:23:49  29.7   0.0   0.1  70.2   0.0    8   3305  10212  162    6  162 166.33 
15:23:50  29.8   0.0   0.1  70.1   0.0    7   3177   9995  160    0  160 168.42 
15:23:51  29.8   0.0   0.1  70.1   0.0    7   3311  10344  162    6  162 167.88 
15:23:52  29.9   0.0   0.1  70.1   0.0    7   3473  10502  167    6  167 168.65 
15:23:53  29.8   0.0   0.1  70.0   0.1    7   3616  10433  162    6  162 166.86 
15:23:54  29.8   0.0   0.1  70.1   0.0    7   3471  10700  157    6  157 166.95 
15:23:55  29.7   0.0   0.1  70.2   0.0    7   3455  10465  152    6  152 163.84 
15:23:56  29.7   0.0   0.1  70.2   0.0    7   3562  10331  157    6  157 166.45 
  Time    User  Nice   Sys  Idle    IO  Run Ctxt/s  IRQ/s Fork Exec Exit  Watts
15:23:57  29.8   0.0   0.1  70.1   0.0    7   3490  10140  162    6  162 169.01 
15:23:58  29.8   0.0   0.1  70.1   0.0    8   3322  10095  157    6  158 167.79 
15:23:59  29.9   0.0   0.1  65.8   4.2    7   3253  10101  152    6  152 166.47 
15:24:00  29.9   0.0   0.1  69.3   0.6    7   2871   9646  152    6  152 167.35 
15:24:01  29.9   0.0   0.0  70.0   0.0    7   3381   9997  157    6  157 168.44 
15:24:02  29.8   0.0   0.1  70.1   0.0    2   3377  10131  147    6  152 165.01 
15:24:03  29.9   0.0   0.1  70.1   0.0    7   3287   9932  157    6  152 169.21 
15:24:04  28.4   0.0   0.1  71.5   0.0    7   3540   9964  154    8  154 161.69 
15:24:05  29.8   0.0   0.1  70.1   0.1    7   3974  10459  172    6  172 171.78 
15:24:06  29.8   0.0   0.2  70.1   0.0    7   3821  10369  167    6  167 170.28 
15:24:07  29.8   0.0   0.1  70.1   0.1    7   3350  10374  162    6  162 164.91 
15:24:08  29.9   0.0   0.1  70.1   0.0    7   3300  10018  167    6  167 168.39 
15:24:09  29.8   0.0   0.1  70.0   0.0    7   3457  10152  167    6  167 171.12 
15:24:10  29.8   0.0   0.1  70.1   0.0    7   3244   9879  157    6  157 164.52 
15:24:11  29.8   0.0   0.2  69.2   0.9    7   3373   9987  162    6  162 168.08 
15:24:12  29.7   0.0   0.1  70.2   0.0    7   3492  10083  157    6  157 164.18 
15:24:13  29.8   0.0   0.1  70.1   0.0    7   3198   9972  157    6  157 168.16 
15:24:14  29.7   0.0   0.2  70.2   0.0    7   3630  10250  157    6  157 166.03 
15:24:15  29.8   0.0   0.1  70.1   0.0    7   2898   9949  157    6  157 166.29 
15:24:16  29.8   0.0   0.1  70.1   0.0    7   3494  10097  157    6  157 168.86 
15:24:17  28.2   0.0   0.1  71.5   0.1    7   3740  10035  154    8  154 163.13 
15:24:18  29.9   0.0   0.1  70.0   0.0    7   3631  10191  167    6  167 168.80 
15:24:19  29.8   0.0   0.1  70.1   0.0    8   3412  10104  172    6  172 169.96 
  Time    User  Nice   Sys  Idle    IO  Run Ctxt/s  IRQ/s Fork Exec Exit  Watts
15:24:20  29.9   0.0   0.1  70.0   0.0    7   3187  10004  172    6  172 169.42 
15:24:21  29.8   0.0   0.1  70.1   0.0    7   3598  10506  162    6  162 169.06 
15:24:22  29.9   0.0   0.1  70.0   0.0    7   3458  10200  167    6  167 169.52 
15:24:23  29.9   0.0   0.1  69.8   0.1    7   3318   9907  172    6  172 172.01 
15:24:24  29.9   0.0   0.1  70.0   0.0    7   3374  10050  162    6  162 169.66 
15:24:25  29.7   0.0   0.2  70.1   0.0    7   3401  10151  157    6  157 167.84 
15:24:26  29.9   0.0   0.1  70.1   0.0    7   3328   9984  167    6  167 170.73 
15:24:27  29.8   0.0   0.1  70.1   0.0    7   3059   9882  157    6  157 167.09 
15:24:28  27.8   0.0   0.2  72.0   0.0    7   3864  10561  154    8  154 162.89 
15:24:29  29.8   0.0   0.1  70.0   0.1    7   3709  10354  167    6  167 165.72 
15:24:30  29.8   0.0   0.1  70.1   0.0    7   3681  10276  162    6  162 166.73 
15:24:31  29.7   0.0   0.2  70.1   0.0    7   2922   9984  167    6  167 164.52 
15:24:32  29.9   0.0   0.1  70.0   0.0    7   3094  10029  162    6  162 165.70 
15:24:33  29.9   0.0   0.0  70.0   0.0    7   3276  10022  172    6  172 171.52 
15:24:34  29.9   0.0   0.1  69.9   0.1    7   2809   9478  167    6  167 170.36 
15:24:35  29.8   0.0   0.1  70.1   0.0    8   3434  10068  167    6  167 168.14 
15:24:36  29.8   0.0   0.1  70.1   0.0    7   3370   9993  162    6  162 171.14 
15:24:37  29.8   0.0   0.1  70.1   0.0    7   3351  10154  162    6  162 168.63 
15:24:38  29.9   0.0   0.1  70.0   0.0    7   3487  10152  152    6  152 165.06 
15:24:39  29.9   0.0   0.1  70.0   0.0    7   3518  10278  157    6  157 167.50 
15:24:40  29.8   0.0   0.1  70.0   0.1    7   3167  10216  152    6  152 162.40 
15:24:41  28.0   0.0   0.1  71.9   0.0    7   3804  10269  149    8  149 155.89 
15:24:42  29.8   0.0   0.1  70.1   0.0    7   4159  10359  172    6  172 173.21 
  Time    User  Nice   Sys  Idle    IO  Run Ctxt/s  IRQ/s Fork Exec Exit  Watts
15:24:43  29.9   0.0   0.1  70.0   0.0    7   4148  10357  177    6  177 172.94 
15:24:44  29.8   0.0   0.1  70.0   0.0    7   3929  10229  162    6  162 168.34 
15:24:45  29.8   0.0   0.1  70.1   0.0    7   3504  10271  167    6  167 167.73 
15:24:46  29.7   0.0   0.2  67.9   2.3    7   3572  10088  162    6  162 169.08 
15:24:47  29.9   0.0   0.1  70.0   0.0    7   3383   9699  167    6  167 170.81 
15:24:48  29.8   0.0   0.1  70.1   0.1    7   3513  10040  167    6  167 171.85 
15:24:49  29.9   0.0   0.1  70.1   0.0    7   3752  10393  167    6  167 172.48 
15:24:50  29.7   0.0   0.1  70.2   0.0    7   3859  10453  157    6  157 167.86 
15:24:51  29.8   0.0   0.1  70.1   0.0    7   3139  10431  152    6  152 163.45 
15:24:52  29.8   0.0   0.2  70.0   0.1    7   3363  10406  157    6  157 163.97 
15:24:53  29.8   0.0   0.1  70.1   0.0    7   3155  10197  152    6  152 165.01 
15:24:54  29.8   0.0   0.1  70.1   0.0    7   3117   9882  157    6  157 167.87 
15:24:55  28.1   0.0   0.1  71.8   0.0    7   3197  10168  144    8  144 156.68 
15:24:56  29.8   0.0   0.1  70.1   0.0    7   3065   9835  172    6  172 168.10 
15:24:57  29.7   0.0   0.1  70.2   0.0    7   3893  10517  172    6  172 171.29 
15:24:58  29.9   0.0   0.1  69.9   0.1    7   3572  10176  167    6  167 171.13 
15:24:59  29.7   0.0   0.2  70.1   0.0    7   3912  10405  172    6  172 171.36 
15:25:00  29.8   0.0   0.1  70.1   0.0    7   3364  10084  162    6  162 170.19 
15:25:01  29.8   0.0   0.1  70.1   0.0    7   3286  10003  167    6  167 168.93 
15:25:02  29.8   0.0   0.1  69.9   0.2    7   3752  10428  165    8  165 169.61 
15:25:03  29.8   0.0   0.1  70.1   0.0    7   3015   9772  167    6  167 171.09 
15:25:04  29.7   0.0   0.1  70.2   0.0    8   3354  10017  167    6  167 171.53 
15:25:05  29.8   0.0   0.2  70.0   0.0    7   3175   9699  162    6  162 171.32 
  Time    User  Nice   Sys  Idle    IO  Run Ctxt/s  IRQ/s Fork Exec Exit  Watts
15:25:06  29.7   0.0   0.2  70.1   0.0    7   3590  10087  157    6  157 167.76 
15:25:07  29.8   0.0   0.1  70.0   0.2    7   3169   9949  157    6  157 170.02 
15:25:08  28.4   0.0   0.1  71.5   0.0    7   3796  10381  149    8  149 158.73 
15:25:09  29.8   0.0   0.1  70.2   0.0    7   3601  10416  167    6  167 167.66 
15:25:10  29.7   0.0   0.2  70.1   0.0    7   3510  10249  167    6  167 164.84 
15:25:11  29.8   0.0   0.1  70.1   0.0    7   3052   9864  167    6  167 169.44 
15:25:12  29.8   0.0   0.1  70.1   0.0    7   3265   9739  162    6  162 166.04 
15:25:13  29.9   0.0   0.1  70.0   0.1    7   3407  10170  167    6  167 170.55 
15:25:14  29.9   0.0   0.1  70.0   0.0    7   3423  10178  167    6  167 169.68 
15:25:15  29.8   0.0   0.1  70.1   0.0    7   2853  10084  157    6  157 167.17 
15:25:16  29.8   0.0   0.1  70.1   0.0    7   2976  10460  157    6  157 163.95 
15:25:17  29.9   0.0   0.1  70.0   0.0    7   3341  10263  157    6  157 163.62 
15:25:18  29.9   0.0   0.1  70.0   0.0    7   3532  10460  157    6  157 166.32 
15:25:19  29.8   0.0   0.1  69.9   0.1    7   3006  10037  157    6  157 167.32 
15:25:20  29.8   0.0   0.1  70.1   0.0    7   3383  10199  152    6  152 167.67 
15:25:21  29.8   0.0   0.1  70.1   0.0    7   3248  10172  152    6  152 163.07 
15:25:22  29.9   0.0   0.1  70.0   0.0    7   3502  10142  152    6  152 163.76 
15:25:23  29.9   0.0   0.1  70.0   0.0    7   2867   9983  147    6  147 164.97 
15:25:24  29.8   0.0   0.1  70.1   0.0    7   3289  10192  147    6  148 163.29 
15:25:25  29.9   0.0   0.1  69.9   0.1    7   3200   9910  152    6  152 166.62 
15:25:26  28.1   0.0   0.2  71.7   0.0    7   3889  10374  159    8  159 162.69 
15:25:27  29.8   0.0   0.1  70.1   0.0    7   3663  10567  167    6  167 165.32 
15:25:28  29.9   0.0   0.1  70.0   0.0    7   3316  10127  162    6  162 162.84 
  Time    User  Nice   Sys  Idle    IO  Run Ctxt/s  IRQ/s Fork Exec Exit  Watts
15:25:29  29.8   0.0   0.2  70.0   0.0    7   3779  10438  167    6  167 169.29 
15:25:30  29.8   0.0   0.1  70.1   0.0    7   3464  10288  162    6  162 168.71 
15:25:31  30.0   0.0   0.0  69.9   0.1    7   3248  10025  162    6  162 165.78 
15:25:32  29.9   0.0   0.1  70.0   0.0    7   3580  10357  162    6  162 165.79 
15:25:33  29.7   0.0   0.2  70.2   0.0    7   3417  10309  152    6  152 162.64 
15:25:34  29.8   0.0   0.1  70.1   0.0    7   3215  10169  157    6  157 165.35 
15:25:35  29.9   0.0   0.1  70.1   0.0    7   3530  10152  157    6  157 166.16 
15:25:36  29.8   0.0   0.2  70.0   0.0    7   3415  10070  157    6  157 166.33 
15:25:37  30.0   0.0   0.0  69.7   0.2    7   3453  10509  157    6  157 166.71 
15:25:38  29.8   0.0   0.2  70.1   0.0    7   3074   9877  152    6  152 165.66 
15:25:39  27.9   0.0   0.1  72.0   0.0    7   3880  10146  159    8  159 155.79 
15:25:40  29.8   0.0   0.1  70.1   0.0    7   3584  10441  162    6  162 165.65 
15:25:41  29.9   0.0   0.1  70.0   0.0    7   3553  10792  162    6  162 162.35 
15:25:42  29.7   0.0   0.2  70.1   0.0    7   3078  10329  162    6  162 165.80 
15:25:43  29.8   0.0   0.1  70.0   0.2    7   3518  10579  157    6  157 163.84 
15:25:44  29.8   0.0   0.2  70.0   0.0    7   3191  10620  157    6  157 162.43 
15:25:45  29.9   0.0   0.1  70.0   0.0    7   3509  10400  157    6  157 164.45 
15:25:46  29.8   0.0   0.1  70.0   0.0    7   3098  10136  162    6  162 165.17 
15:25:47  29.8   0.0   0.1  70.2   0.0    7   3261  10348  152    6  152 164.30 
15:25:48  29.9   0.0   0.1  70.0   0.0    7   2930  10249  157    6  157 164.51 
15:25:49  29.8   0.0   0.1  70.0   0.1    7   3758  10533  157    6  157 165.76 
15:25:50  29.8   0.0   0.1  70.1   0.0    7   3677  10553  152    6  152 165.65 
15:25:51  29.7   0.0   0.2  70.2   0.0    7   2741  10394  152    6  152 161.92 
  Time    User  Nice   Sys  Idle    IO  Run Ctxt/s  IRQ/s Fork Exec Exit  Watts
15:25:52  29.9   0.0   0.1  70.0   0.0    7   3467  10457  152    6  152 165.22 
15:25:53  29.9   0.0   0.0  70.0   0.0    7   3322  10231  157    6  157 168.76 
15:25:54  29.9   0.0   0.1  70.0   0.0    7   3396  10268  152    6  152 169.29 
15:25:55  29.9   0.0   0.1  69.5   0.4    7   3534  10490  159    6  158 168.57 
15:25:56  29.9   0.0   0.1  69.9   0.1    7   3308  10654  147    6  148 163.15 
15:25:57  28.0   0.0   0.2  71.7   0.2    7   3989  10347  144    8  144 157.01 
15:25:58  29.8   0.0   0.1  70.1   0.0    7   3727  10469  167    6  167 168.33 
15:25:59  29.7   0.0   0.2  70.1   0.0    7   3278  10182  167    6  167 165.70 
15:26:00  29.8   0.0   0.1  70.1   0.0    7   3532  10452  162    6  162 167.30 
15:26:01  29.8   0.0   0.2  70.0   0.0    7   3247  10250  162    6  162 165.78 
15:26:02  29.9   0.0   0.1  70.0   0.0    7   3229  10061  162    6  162 167.14 
15:26:03  29.9   0.0   0.1  70.0   0.0    7   3842  10316  162    6  162 167.50 
15:26:04  29.8   0.0   0.1  70.1   0.0    7   3075  10169  162    6  162 166.59 
15:26:05  29.7   0.0   0.1  70.2   0.0    7   3670  10511  152    6  152 162.94 
15:26:06  29.9   0.0   0.1  70.0   0.0    7   3097   9983  162    6  162 165.99 
15:26:07  29.9   0.0   0.1  70.0   0.0    7   3467  10339  152    6  152 166.08 
15:26:08  28.2   0.0   0.1  71.7   0.1    7   4012  10487  159    8  159 158.89 
15:26:09  29.9   0.0   0.1  70.0   0.0    7   3042  10185  162    6  162 166.40 
15:26:10  29.9   0.0   0.1  70.0   0.0    7   3464  10106  172    6  172 168.50 
15:26:11  29.8   0.0   0.1  70.0   0.0    7   3521  10216  162    6  162 167.37 
15:26:12  29.8   0.0   0.2  70.1   0.0    7   2778  10062  162    6  162 166.08 
15:26:13  29.9   0.0   0.1  70.1   0.0    7   3095  10281  162    6  162 164.39 
15:26:14  29.8   0.0   0.1  70.0   0.2    7   3101  10162  162    6  162 165.65 
  Time    User  Nice   Sys  Idle    IO  Run Ctxt/s  IRQ/s Fork Exec Exit  Watts
15:26:15  29.9   0.0   0.1  70.0   0.0    7   2988   9935  157    6  157 165.80 
15:26:16  29.7   0.0   0.2  70.1   0.0    7   2923   9952  162    6  162 166.60 
15:26:17  29.8   0.0   0.2  70.1   0.0    7   3377  10181  152    6  152 165.98 
15:26:18  29.9   0.0   0.1  70.1   0.0    7   3671  10437  157    6  157 167.47 
15:26:19  29.9   0.0   0.1  70.0   0.0    7   3417  10235  157    6  157 166.91 
15:26:20  29.8   0.0   0.1  70.0   0.2    7   3229  10069  157    6  157 167.25 
15:26:21  29.7   0.0   0.1  70.2   0.0    7   2634   9674  152    6  152 164.40 
15:26:22  29.8   0.0   0.2  70.0   0.0    7   3110  10142  152    6  152 164.08 
15:26:23  30.0   0.0   0.0  69.9   0.0    7   3344   9947  152    6  152 167.53 
15:26:24  29.8   0.0   0.1  70.1   0.0    7   2880  10138  147    6  147 161.04 
15:26:25  28.3   0.0   0.1  71.4   0.3    7   3603  10424  149    8  149 160.20 
15:26:26  29.8   0.0   0.1  70.1   0.0    8   3852  10750  166    5  162 166.67 
15:26:27  29.9   0.0   0.1  70.0   0.0    7   3033  10423  156    1  160 163.66 
15:26:28  29.8   0.0   0.1  70.1   0.0    7   3433  10841  167    6  167 166.66 
15:26:29  29.8   0.0   0.1  70.1   0.0    7   3375  10331  157    6  157 163.63 
15:26:30  29.8   0.0   0.1  70.1   0.0    7   3377  10429  162    6  162 166.04 
15:26:31  29.8   0.0   0.1  69.9   0.2    7   3065  10085  157    6  157 164.20 
15:26:32  29.7   0.0   0.2  70.1   0.0    7   3502  10537  162    6  162 166.25 
15:26:33  29.8   0.0   0.1  70.1   0.0    7   3556  10378  157    6  157 166.99 
15:26:34  29.7   0.0   0.2  70.1   0.0    7   3494  10429  157    6  157 165.57 
15:26:35  29.9   0.0   0.1  70.0   0.0    7   3690  10421  157    6  157 165.85 
15:26:36  29.9   0.0   0.1  69.9   0.1    7   3535  10699  152    6  152 163.19 
15:26:37  29.8   0.0   0.2  70.0   0.0    2   3107  10327  152    6  152 166.72 
  Time    User  Nice   Sys  Idle    IO  Run Ctxt/s  IRQ/s Fork Exec Exit  Watts
15:26:38  29.8   0.0   0.1  70.1   0.0    7   3740  10582  157    6  157 166.68 
15:26:39  29.9   0.0   0.1  70.0   0.0    7   3329  10337  152    6  152 167.91 
15:26:40  29.2   0.0   0.2  70.6   0.0    2   3751  10531  149    8  154 163.70 
15:26:41  28.7   0.0   0.1  71.2   0.0    7   3930  10571  162    6  157 161.53 
15:26:42  29.8   0.0   0.1  70.1   0.0    7   3804  10574  167    6  167 167.53 
15:26:43  29.7   0.0   0.2  70.2   0.0    7   3416  10425  162    6  162 165.82 
15:26:44  29.8   0.0   0.1  70.1   0.0    7   3521  10192  162    6  162 166.66 
15:26:45  29.9   0.0   0.1  70.1   0.0    7   3141   9869  162    6  162 167.33 
15:26:46  29.9   0.0   0.1  70.0   0.0    7   3080  10171  157    6  157 164.29 
15:26:47  29.8   0.0   0.1  70.1   0.0    7   3620  10280  162    6  162 165.45 
15:26:48  29.8   0.0   0.1  70.0   0.1    7   2929   9946  157    6  157 165.15 
15:26:49  29.7   0.0   0.2  70.1   0.0    7   3887  10482  162    6  162 169.76 
15:26:50  29.9   0.0   0.1  70.1   0.0    7   3636  10461  157    6  157 166.69 
15:26:51  29.9   0.0   0.1  70.0   0.0    2   2908   9978  152    6  153 164.65 
15:26:52  29.8   0.0   0.1  70.1   0.0    7   3262  10281  157    6  156 164.41 
15:26:53  29.9   0.0   0.1  70.0   0.0    7   3419  10189  152    6  152 165.35 
15:26:54  28.5   0.0   0.1  71.3   0.1    7   3998  10177  154    8  154 161.33 
15:26:55  29.9   0.0   0.1  70.0   0.0    7   3650  10400  167    6  167 169.26 
15:26:56  29.8   0.0   0.2  70.0   0.0    7   3365  10151  167    6  167 167.51 
15:26:57  29.9   0.0   0.1  70.0   0.0    7   3595  10405  162    6  162 164.85 
15:26:58  29.8   0.0   0.1  70.1   0.0    7   3443  10211  162    6  162 165.45 
15:26:59  29.9   0.0   0.1  69.6   0.5    7   3559  10293  162    6  162 166.51 
15:27:00  29.7   0.0   0.2  68.5   1.7    7   3160   9946  162    6  162 166.75 
  Time    User  Nice   Sys  Idle    IO  Run Ctxt/s  IRQ/s Fork Exec Exit  Watts
15:27:01  29.8   0.0   0.1  70.1   0.0    7   3091   9765  157    6  157 165.60 
15:27:02  29.8   0.0   0.2  70.0   0.0    7   3533  10205  162    6  162 165.95 
15:27:03  29.7   0.0   0.1  70.2   0.0    7   2858  10026  157    6  157 165.87 
15:27:04  29.9   0.0   0.1  70.1   0.0    7   3508  10361  157    6  157 166.49 
15:27:05  29.9   0.0   0.1  69.9   0.1    7   2860   9945  152    6  152 165.25 
15:27:06  29.9   0.0   0.1  70.0   0.0    8   3500  10487  152    6  152 162.48 
15:27:07  29.8   0.0   0.1  70.1   0.0    7   2720   9885  147    6  147 161.88 
15:27:08  29.8   0.0   0.2  70.0   0.0    7   3347  10334  147    6  147 163.73 
15:27:09  28.3   0.0   0.1  71.6   0.0    7   4170  10703  154    8  154 157.14 
15:27:10  29.9   0.0   0.1  70.0   0.0    7   3621  10334  169    6  172 168.19 
15:27:11  29.8   0.0   0.1  70.0   0.1    7   3714  10557  160    6  157 164.45 
15:27:12  29.8   0.0   0.2  70.1   0.0    7   3132  10208  162    6  162 165.01 
15:27:13  29.9   0.0   0.1  70.0   0.0    7   3457  10197  167    6  167 167.10 
15:27:14  29.9   0.0   0.1  70.0   0.0    7   3466  10230  162    6  162 169.36 
15:27:15  29.7   0.0   0.2  70.1   0.0    8   3475  10323  162    6  162 166.69 
15:27:16  29.8   0.0   0.1  70.1   0.0    7   3352  10043  157    6  157 165.54 
15:27:17  29.7   0.0   0.2  70.1   0.1    7   3095  10321  157    6  157 161.57 
15:27:18  29.8   0.0   0.1  70.1   0.0    7   3172  10241  152    6  152 164.86 
15:27:19  29.9   0.0   0.1  70.1   0.0    7   2886   9944  157    6  157 166.95 
15:27:20  29.8   0.0   0.2  70.0   0.0    7   3440  10274  157    6  157 166.59 
15:27:21  28.2   0.0   0.1  71.7   0.0    7   4040  10476  149    8  149 158.82 
15:27:22  29.8   0.0   0.1  70.1   0.0    7   3703  10387  167    6  167 169.52 
15:27:23  29.8   0.0   0.1  70.0   0.1    7   3268  10423  167    6  167 168.71 
  Time    User  Nice   Sys  Idle    IO  Run Ctxt/s  IRQ/s Fork Exec Exit  Watts
15:27:24  29.8   0.0   0.2  70.1   0.0    7   3564  10470  167    6  167 167.64 
15:27:25  29.9   0.0   0.1  70.0   0.0    7   3299  10203  167    6  167 169.16 
15:27:26  29.8   0.0   0.1  70.1   0.0    9   3613  10100  167    6  167 171.98 
15:27:27  29.9   0.0   0.1  70.0   0.0    7   3520   9973  162    6  162 169.17 
15:27:28  29.8   0.0   0.1  70.1   0.0    7   3343   9955  163    6  167 169.08 
15:27:29  29.9   0.0   0.1  70.0   0.1    7   2897   9659  161    6  157 167.79 
15:27:30  29.9   0.0   0.1  70.1   0.0    7   3359   9964  162    6  162 169.33 
15:27:31  29.7   0.0   0.2  70.1   0.0    7   3599  10344  157    6  157 166.86 
15:27:32  29.9   0.0   0.1  70.0   0.0    7   3630  10198  162    6  162 171.11 
15:27:33  29.7   0.0   0.1  70.2   0.0    7   3422  10023  152    6  152 167.67 
15:27:34  29.8   0.0   0.1  70.1   0.0    7   3351  10311  157    6  157 169.96 
15:27:35  29.8   0.0   0.1  70.0   0.1    7   3278   9744  157    6  157 169.79 
15:27:36  29.9   0.0   0.1  70.0   0.0    7   3645  10081  162    6  162 172.07 
15:27:37  28.3   0.0   0.2  71.5   0.0    7   4074  10453  149    8  149 162.86 
15:27:38  29.8   0.0   0.1  70.1   0.0    7   3901  10801  172    6  172 170.16 
15:27:39  29.9   0.0   0.0  70.0   0.0    7   3818  10861  172    6  172 170.04 
15:27:40  29.8   0.0   0.1  70.0   0.0    7   3181  10291  167    6  167 170.03 
15:27:41  29.9   0.0   0.1  69.0   1.0    8   3189  10412  167    6  167 166.47 
15:27:42  29.7   0.0   0.1  70.2   0.0    7   3651  10677  157    6  157 164.46 
15:27:43  29.9   0.0   0.1  70.0   0.0    7   3809  10401  167    6  167 168.91 
15:27:44  29.7   0.0   0.1  70.2   0.0    7   3024  10263  157    6  157 165.89 
15:27:45  29.8   0.0   0.1  70.1   0.0    9   3059  10101  157    6  157 163.22 
15:27:46  29.8   0.0   0.1  70.0   0.0    7   3501  10231  162    6  162 169.18 
  Time    User  Nice   Sys  Idle    IO  Run Ctxt/s  IRQ/s Fork Exec Exit  Watts
15:27:47  29.8   0.0   0.1  70.0   0.1    7   3832  10345  157    6  157 168.11 
15:27:48  29.9   0.0   0.1  70.0   0.0    7   3753  10330  157    6  157 167.32 
15:27:49  29.9   0.0   0.1  70.0   0.0    7   3340  10122  157    6  157 169.57 
15:27:50  28.3   0.0   0.2  71.5   0.0    7   4093  10539  154    8  154 159.01 
15:27:51  29.8   0.0   0.2  70.1   0.0    7   3363  10353  166    6  167 165.21 
15:27:52  29.8   0.0   0.1  70.1   0.0    7   3614  10561  163    6  162 165.59 
15:27:53  29.8   0.0   0.2  70.0   0.1    7   3449  10401  167    6  167 168.25 
15:27:54  29.8   0.0   0.1  70.1   0.0    7   3239  10591  162    6  162 165.18 
15:27:55  29.7   0.0   0.1  70.2   0.0    7   3490  10483  161    6  162 166.10 
15:27:56  29.8   0.0   0.1  70.1   0.0    7   3377  10365  158    6  157 166.90 
15:27:57  29.8   0.0   0.1  70.1   0.0    7   3604  10537  157    6  157 162.87 
15:27:58  29.7   0.0   0.1  70.2   0.0    7   3559  10396  157    6  157 167.38 
15:27:59  29.8   0.0   0.1  70.1   0.1    7   3249  10413  157    6  157 167.50 
15:28:00  29.9   0.0   0.1  70.0   0.0    7   3584  10528  162    6  162 167.43 
15:28:01  29.8   0.0   0.1  70.0   0.0    7   3619  10649  152    6  152 164.54 
15:28:02  29.9   0.0   0.1  70.0   0.0    7   3026  10253  147    6  147 162.82 
15:28:03  29.8   0.0   0.1  70.1   0.0    7   3147  10190  157    6  157 163.91 
15:28:04  29.8   0.0   0.1  70.1   0.0    7   2936   9954  147    6  147 163.80 
15:28:05  29.9   0.0   0.1  68.8   1.2    7   3569  10253  157    6  157 168.01 
15:28:06  28.0   0.0   0.2  71.9   0.0    7   4484  10601  149    8  149 161.14 
15:28:07  29.8   0.0   0.1  70.1   0.0    7   3325  10140  167    6  167 167.69 
15:28:08  29.6   0.0   0.2  70.2   0.0    7   3630  10045  167    6  167 167.30 
15:28:09  29.8   0.0   0.1  70.1   0.0    7   2863   9773  167    6  167 166.77 
  Time    User  Nice   Sys  Idle    IO  Run Ctxt/s  IRQ/s Fork Exec Exit  Watts
15:28:10  29.8   0.0   0.1  70.0   0.1    7   3312  10022  172    6  172 171.24 
15:28:11  29.8   0.0   0.1  70.1   0.0    7   3468   9910  167    6  167 171.56 
15:28:12  29.7   0.0   0.2  70.1   0.0    7   3164  10408  157    6  157 164.17 
15:28:13  29.6   0.0   0.1  70.3   0.0    7   3444  10002  157    6  157 164.89 
15:28:14  29.8   0.0   0.1  70.1   0.0    7   3772  10211  162    6  162 168.32 
15:28:15  29.8   0.0   0.1  70.1   0.0    7   3524  10036  162    6  162 168.12 
15:28:16  29.8   0.0   0.2  70.0   0.1    7   3248   9852  167    6  167 173.16 
15:28:17  29.7   0.0   0.1  70.2   0.0    7   3375  10028  157    6  157 168.32 
15:28:18  29.7   0.0   0.2  70.1   0.0    7   3116   9988  152    6  152 167.04 
15:28:19  29.8   0.0   0.1  70.2   0.0    7   2910   9978  162    6  162 168.81 
15:28:20  28.3   0.0   0.2  71.5   0.0    7   3990  10513  149    8  149 163.51 
15:28:21  29.8   0.0   0.1  70.1   0.1    7   3896  10411  167    6  167 165.85 
15:28:22  29.8   0.0   0.1  70.0   0.1    7   3604  10149  172    6  172 171.03 
15:28:23  29.7   0.0   0.1  70.2   0.0    7   3472  10127  162    6  162 166.89 
15:28:24  29.9   0.0   0.1  70.0   0.0    7   3711  10039  172    6  172 170.17 
15:28:25  29.9   0.0   0.1  70.0   0.0    7   2929   9877  162    6  162 167.46 
15:28:26  29.7   0.0   0.1  70.2   0.0    8   3081  10129  167    6  167 168.16 
15:28:27  29.9   0.0   0.1  70.0   0.0    7   3432  10088  162    6  162 169.44 
15:28:28  30.1   0.0   0.2  69.4   0.4    7   3460   9977  163    6  162 167.68 
15:28:29  29.8   0.0   0.1  70.1   0.0    7   3157   9838  162    6  162 168.35 
15:28:30  29.9   0.0   0.1  70.0   0.0    7   3561  10093  157    6  157 167.75 
15:28:31  29.9   0.0   0.1  70.0   0.0    7   3309   9880  157    6  157 167.79 
15:28:32  29.7   0.0   0.2  70.1   0.0    8   3109   9874  157    6  157 167.32 
  Time    User  Nice   Sys  Idle    IO  Run Ctxt/s  IRQ/s Fork Exec Exit  Watts
15:28:33  29.8   0.0   0.1  70.1   0.0    7   3128  10029  152    6  152 168.25 
15:28:34  28.3   0.0   0.1  71.3   0.2    7   4004  10105  159    8  159 164.08 
-------- ----- ----- ----- ----- ----- ---- ------ ------ ---- ---- ---- ------ 
 Average  29.5   0.0   0.1  70.3   0.1  7.0 3474.3 10168.8 160.6  6.1 160.6 166.76 
 GeoMean   0.0   0.0   0.1  70.3   0.0  6.9 3453.3 10124.9 158.4  0.0 158.1 166.24 
  StdDev   2.1   0.0   0.3   1.8   0.3  0.7  352.4  628.4 12.9  0.7 13.1   9.27 
-------- ----- ----- ----- ----- ----- ---- ------ ------ ---- ---- ---- ------ 
 Minimum   0.0   0.0   0.0  65.8   0.0  2.0  942.0 1756.0  1.0  0.0  1.0  44.06 
 Maximum  30.1   0.0   5.0  95.0   4.2  9.0 4484.0 11287.0 177.0  9.0 177.0 175.54 
-------- ----- ----- ----- ----- ----- ---- ------ ------ ---- ---- ---- ------ 
Summary:
CPU: 166.76 Watts on average with standard deviation 9.27  
Note: power read from RAPL domains: uncore, pkg-0, core.
These readings do not cover all the hardware in this device.
