Running for 600.0 seconds (600 samples at 1.0 second intervals).
Power measurements will start in 0 seconds time.

  Time    User  Nice   Sys  Idle    IO  Run Ctxt/s  IRQ/s Fork Exec Exit  Watts
15:09:23   1.6   0.0   3.3  94.8   0.2    3   3236   2977   17    7    7  45.50 
15:09:24   0.0   0.0   5.0  95.0   0.0    2    905   1820    0    0    0  46.30 
15:09:25   0.1   0.0   5.0  94.9   0.0    2   1182   1960    7    6    7  46.20 
15:09:26  22.8   0.0   0.8  76.4   0.0    7   2802   8005  107    6  102 142.49 
15:09:27  29.7   0.0   0.2  70.2   0.0    7   3983  10452  177    6  177 166.08 
15:09:28  29.8   0.0   0.1  70.0   0.1    7   4227  10447  177    6  177 167.91 
15:09:29  29.7   0.0   0.1  70.2   0.0    7   3003   9617  182    6  182 169.93 
15:09:30  29.8   0.0   0.1  70.1   0.0    7   4064  10614  173    6  172 168.48 
15:09:31  29.7   0.0   0.2  70.1   0.0    7   4125  10322  172    6  172 168.86 
15:09:32  29.8   0.0   0.1  70.1   0.0    7   4161  10372  172    6  172 168.70 
15:09:33  29.7   0.0   0.2  70.1   0.0    7   3770  10085  167    6  167 164.05 
15:09:34  29.7   0.0   0.2  70.0   0.1    7   3862  10206  167    6  167 170.18 
15:09:35  28.4   0.0   0.1  71.5   0.0    7   3629  10067  159    8  159 159.78 
15:09:36  29.8   0.0   0.1  70.1   0.0    7   4144  10509  177    6  177 168.32 
15:09:37  29.8   0.0   0.1  70.1   0.0    7   3501  10241  177    6  177 168.76 
15:09:38  29.7   0.0   0.2  70.1   0.0    7   3718  10162  170    6  172 165.46 
15:09:39  29.8   0.0   0.1  70.2   0.0    7   3559  10115  174    6  172 167.92 
15:09:40  29.8   0.0   0.1  70.0   0.1    7   4171  10509  172    6  172 171.89 
15:09:41  29.8   0.0   0.1  70.1   0.0    7   4072  10533  172    6  172 169.84 
15:09:42  29.8   0.0   0.1  70.1   0.0    7   4009  10377  172    6  172 171.88 
15:09:43  29.7   0.0   0.2  70.1   0.0    7   4090  10491  172    6  172 170.69 
15:09:44  29.7   0.0   0.2  70.0   0.1    7   3354  10401  162    6  162 166.85 
15:09:45  29.7   0.0   0.1  70.2   0.0    7   3482  10218  167    6  167 169.76 
  Time    User  Nice   Sys  Idle    IO  Run Ctxt/s  IRQ/s Fork Exec Exit  Watts
15:09:46  28.4   0.0   0.1  68.8   2.6    7   3693  10119  159    8  159 164.12 
15:09:47  29.8   0.0   0.1  70.1   0.0    7   3749  10355  177    6  177 168.98 
15:09:48  29.7   0.0   0.2  70.1   0.0    7   3771  10473  177    6  177 168.67 
15:09:49  29.8   0.0   0.1  70.1   0.0    7   3225  10187  177    6  177 170.73 
15:09:50  29.7   0.0   0.1  70.1   0.1    7   3569  10453  172    6  172 171.24 
15:09:51  29.8   0.0   0.1  70.1   0.0    7   3192   9951  172    6  172 170.19 
15:09:52  29.6   0.0   0.2  70.1   0.1    7   3443   9851  172    6  172 169.54 
15:09:53  29.7   0.0   0.1  70.2   0.0    7   3112  10289  172    6  172 174.55 
15:09:54  29.7   0.0   0.1  70.2   0.0    7   3054   9939  167    6  167 171.16 
15:09:55  29.7   0.0   0.2  70.1   0.0    8   3250  10229  167    6  167 169.90 
15:09:56  29.7   0.0   0.2  70.1   0.0    7   3391  10119  167    6  167 171.32 
15:09:57  29.8   0.0   0.1  70.1   0.0    7   3303  10254  167    6  167 172.00 
15:09:58  29.7   0.0   0.1  70.1   0.1    8   3377  10185  162    6  162 169.03 
15:09:59  29.7   0.0   0.1  70.2   0.0    8   3481  10313  157    6  157 167.90 
15:10:00  27.3   0.0   0.2  72.5   0.0    7   3485  10394  154    8  154 155.83 
15:10:01  29.8   0.0   0.1  70.1   0.0    7   3106  10389  177    6  177 170.76 
15:10:02  29.6   0.0   0.2  70.2   0.0    7   4052  10361  177    6  177 172.51 
15:10:03  29.8   0.0   0.1  70.1   0.0    7   4089  10311  172    6  172 173.38 
15:10:04  29.8   0.0   0.1  70.1   0.1    7   3722  10431  177    6  177 172.39 
15:10:05  29.8   0.0   0.1  70.1   0.0    7   3563   9864  172    6  172 173.41 
15:10:06  29.8   0.0   0.1  70.1   0.0    7   3629  10283  172    6  172 173.30 
15:10:07  29.7   0.0   0.2  70.1   0.0    7   3660  10153  167    6  167 170.41 
15:10:08  29.6   0.0   0.2  70.2   0.0    7   3298   9956  162    6  162 169.12 
  Time    User  Nice   Sys  Idle    IO  Run Ctxt/s  IRQ/s Fork Exec Exit  Watts
15:10:09  29.8   0.0   0.1  70.1   0.0    7   3393  10176  167    6  167 172.54 
15:10:10  29.9   0.0   0.1  69.9   0.1    7   3665  10359  167    6  167 171.19 
15:10:11  29.8   0.0   0.1  70.1   0.0    7   3437  10337  162    6  162 172.91 
15:10:12  29.7   0.0   0.2  70.1   0.0    7   3221  10278  162    6  162 171.26 
15:10:13  29.7   0.0   0.1  70.2   0.0    7   2913   9908  162    6  162 171.77 
15:10:14  28.2   0.0   0.2  71.6   0.0    7   4529  11155  164    8  164 163.33 
15:10:15  29.7   0.0   0.1  70.2   0.0    7   3059   9908  177    6  177 171.55 
15:10:16  29.7   0.0   0.1  70.1   0.1    8   3739  10131  168    6  172 169.85 
15:10:17  29.8   0.0   0.2  69.9   0.2    7   3746  10350  178    9  174 172.47 
15:10:18  29.9   0.0   0.1  70.1   0.0    7   3777  10196  172    6  172 172.91 
15:10:19  29.7   0.0   0.1  70.2   0.0    7   2902   9394  167    6  167 169.64 
15:10:20  29.8   0.0   0.1  70.1   0.0    7   3433  10070  172    6  172 174.34 
15:10:21  29.6   0.0   0.2  70.2   0.0    7   3879  10137  167    6  167 170.87 
15:10:22  29.8   0.0   0.1  70.0   0.1    8   3886  10305  167    6  167 173.34 
15:10:23  29.7   0.0   0.2  69.9   0.2    6   3917  10292  162    6  167 172.34 
15:10:24  29.8   0.0   0.1  70.1   0.0    8   3084   9719  172    6  167 174.87 
15:10:25  29.8   0.0   0.2  70.0   0.0    7   3924  10342  162    6  162 172.36 
15:10:26  28.4   0.0   0.2  71.4   0.0    7   4149  10492  164    8  164 165.37 
15:10:27  29.8   0.0   0.1  70.1   0.0    7   3880  10284  177    6  177 174.28 
15:10:28  29.7   0.0   0.2  68.9   1.3    7   3664  10268  177    6  177 174.19 
15:10:29  29.8   0.0   0.1  70.1   0.0    7   3846  10259  172    6  172 170.25 
15:10:30  29.8   0.0   0.1  70.1   0.0    7   3576  10056  177    6  177 175.43 
15:10:31  29.7   0.0   0.1  70.2   0.0    7   3315  10072  172    6  172 172.68 
  Time    User  Nice   Sys  Idle    IO  Run Ctxt/s  IRQ/s Fork Exec Exit  Watts
15:10:32  29.7   0.0   0.2  70.2   0.0    7   3732  10121  167    6  167 172.20 
15:10:33  29.9   0.0   0.1  70.0   0.1    7   4031  10204  172    6  172 175.28 
15:10:34  29.7   0.0   0.2  70.1   0.0    7   3767  10137  167    6  167 171.51 
15:10:35  29.7   0.0   0.1  70.2   0.0    7   3433   9946  162    6  162 171.87 
15:10:36  28.4   0.0   0.1  71.5   0.0    7   3995  10454  164    8  164 165.35 
15:10:37  29.8   0.0   0.1  70.1   0.0    7   4253  10581  177    6  177 174.01 
15:10:38  29.7   0.0   0.1  70.2   0.0    7   4128  10472  177    6  177 172.05 
15:10:39  29.8   0.0   0.1  70.1   0.1    7   3992  10528  177    6  177 175.98 
15:10:40  29.8   0.0   0.1  70.1   0.0    7   3763  10141  172    6  172 175.03 
15:10:41  29.8   0.0   0.1  70.1   0.0    7   3788  10648  172    6  172 173.56 
15:10:42  29.7   0.0   0.1  70.2   0.0    7   3673  10257  172    6  172 173.57 
15:10:43  29.7   0.0   0.1  70.2   0.0    7   3508  10038  167    6  167 172.33 
15:10:44  29.7   0.0   0.1  70.2   0.0    7   3714  10340  167    6  167 172.08 
15:10:45  29.7   0.0   0.2  70.0   0.2    7   3603  10370  167    6  167 174.42 
15:10:46  29.8   0.0   0.1  70.1   0.0    7   2863   9666  172    6  172 174.90 
15:10:47  28.3   0.0   0.1  71.6   0.0    7   3711  10201  164    8  165 167.08 
15:10:48  29.7   0.0   0.2  70.1   0.0    7   3937  10146  177    6  177 173.46 
15:10:49  29.8   0.0   0.1  70.1   0.0    7   3616  10260  177    6  177 173.79 
15:10:50  29.8   0.0   0.1  70.2   0.0    7   3567  10244  167    6  167 170.90 
15:10:51  29.8   0.0   0.1  68.5   1.6    7   3961  10417  172    6  172 171.52 
15:10:52  29.7   0.0   0.2  70.2   0.0    7   3392   9967  172    6  172 172.20 
15:10:53  29.7   0.0   0.2  70.2   0.0    7   3578  10400  172    6  172 175.63 
15:10:54  29.7   0.0   0.2  70.2   0.0    7   3523   9912  172    6  172 174.56 
  Time    User  Nice   Sys  Idle    IO  Run Ctxt/s  IRQ/s Fork Exec Exit  Watts
15:10:55  29.8   0.0   0.1  70.1   0.0    7   3885  10179  162    6  162 172.29 
15:10:56  29.8   0.0   0.2  70.0   0.0    7   3906  10643  167    6  167 173.18 
15:10:57  29.8   0.0   0.1  69.9   0.3    7   3351   9885  167    6  167 172.97 
15:10:58  29.8   0.0   0.1  70.0   0.1    7   3423  10141  157    6  157 169.60 
15:10:59  28.3   0.0   0.2  71.5   0.0    7   4136  10838  164    8  164 167.67 
15:11:00  29.7   0.0   0.1  70.2   0.0    7   4020  10391  172    6  172 173.49 
15:11:01  29.7   0.0   0.2  70.2   0.0    7   3276   9884  178    6  177 173.41 
15:11:02  29.6   0.0   0.2  70.1   0.2    7   3425   9879  167    6  167 171.31 
15:11:03  29.7   0.0   0.2  70.1   0.0    7   4019  10284  177    6  177 175.16 
15:11:04  29.7   0.0   0.1  70.2   0.0    7   3297   9986  172    6  172 173.29 
15:11:05  29.7   0.0   0.1  70.2   0.0    7   3184   9751  172    6  172 173.95 
15:11:06  29.8   0.0   0.1  70.1   0.0    7   3516   9882  172    6  172 174.38 
15:11:07  29.8   0.0   0.1  70.1   0.0    7   3563  10198  167    6  167 173.50 
15:11:08  29.7   0.0   0.2  70.1   0.1    7   3014  10083  162    6  162 169.62 
15:11:09  29.8   0.0   0.1  70.1   0.0    7   2847   9781  162    6  162 171.78 
15:11:10  29.7   0.0   0.2  70.1   0.0    7   3254  10053  162    6  162 171.45 
15:11:11  29.8   0.0   0.1  70.1   0.0    7   3566  10323  162    6  162 169.95 
15:11:12  29.7   0.0   0.2  70.1   0.0    7   3605  10118  162    6  162 171.90 
15:11:13  29.7   0.0   0.1  70.2   0.0    7   3456  10302  157    6  157 172.04 
15:11:14  29.8   0.0   0.1  70.0   0.1    7   3509  10162  157    6  157 171.06 
15:11:15  29.8   0.0   0.1  70.1   0.0    7   3464  10234  157    6  157 171.66 
15:11:16  29.7   0.0   0.2  70.1   0.0    7   3685  10477  152    6  152 167.81 
15:11:17  29.6   0.0   0.2  70.2   0.0    8   3251  10173  157    6  157 170.29 
  Time    User  Nice   Sys  Idle    IO  Run Ctxt/s  IRQ/s Fork Exec Exit  Watts
15:11:18  28.2   0.0   0.2  71.6   0.0    7   4184  10603  149    8  149 163.87 
15:11:19  29.7   0.0   0.2  70.1   0.0    2   3899  10216  177    6  178 175.84 
15:11:20  29.7   0.0   0.1  70.1   0.1    7   3579  10015  182    6  181 174.99 
15:11:21  29.7   0.0   0.2  70.1   0.0    7   3501  10221  172    6  172 175.55 
15:11:22  29.7   0.0   0.1  70.2   0.0    7   3972  10553  177    6  177 173.52 
15:11:23  29.8   0.0   0.1  70.1   0.0    2   3441  10004  167    6  168 173.57 
15:11:24  29.7   0.0   0.1  70.2   0.0    7   3460  10109  172    6  171 172.53 
15:11:25  29.7   0.0   0.2  70.0   0.1    7   3785  10268  167    6  167 172.06 
15:11:26  29.6   0.0   0.2  70.2   0.0    7   3618  10257  167    6  167 172.56 
15:11:27  29.8   0.0   0.1  70.1   0.0    7   3604  10418  167    6  167 175.78 
15:11:28  29.7   0.0   0.2  70.2   0.0    7   3759  10425  167    6  167 173.51 
15:11:29  29.8   0.0   0.2  70.1   0.0    7   3956  10537  167    6  167 174.45 
15:11:30  29.8   0.0   0.2  70.1   0.0    7   4121  10275  168    6  167 176.85 
15:11:31  29.7   0.0   0.1  69.5   0.7    7   3657  10171  157    6  157 171.52 
15:11:32  29.9   0.0   0.1  70.0   0.0    7   3369   9984  162    6  162 173.60 
15:11:33  29.8   0.0   0.1  70.1   0.0    7   3350  10243  162    6  162 174.44 
15:11:34  28.5   0.0   0.1  71.3   0.0    2   3717  10383  149    8  154 165.26 
15:11:35  29.6   0.0   0.1  70.2   0.0    7   3705  10506  177    6  172 171.89 
15:11:36  29.7   0.0   0.1  70.2   0.0    7   3534  10348  177    6  177 172.80 
15:11:37  29.8   0.0   0.1  70.0   0.2    7   3153  10255  172    6  172 174.06 
15:11:38  29.7   0.0   0.2  70.1   0.0    7   3654  10271  177    6  177 177.42 
15:11:39  29.7   0.0   0.2  70.1   0.0    7   3343  10125  177    6  177 175.57 
15:11:40  29.8   0.0   0.1  70.1   0.0    7   3711  10542  167    6  167 173.49 
  Time    User  Nice   Sys  Idle    IO  Run Ctxt/s  IRQ/s Fork Exec Exit  Watts
15:11:41  29.8   0.0   0.1  70.1   0.0    7   3818  10300  177    6  177 175.51 
15:11:42  28.2   0.0   0.2  71.6   0.0    7   4007  10471  159    8  159 166.46 
15:11:43  29.7   0.0   0.2  70.0   0.1    8   3577  10333  177    6  177 172.01 
15:11:44  29.6   0.0   0.1  70.3   0.0    7   3914  10503  172    6  172 171.85 
15:11:45  29.8   0.0   0.1  70.1   0.0    7   3393  10379  177    6  177 174.46 
15:11:46  29.7   0.0   0.2  70.2   0.0    7   3590  10403  167    6  167 170.59 
15:11:47  29.7   0.0   0.1  70.2   0.0    7   3915  10622  172    6  172 172.62 
15:11:48  29.9   0.0   0.1  70.1   0.0    7   3406  10305  172    6  172 172.80 
15:11:49  29.7   0.0   0.2  70.0   0.1    7   3561  10237  167    6  167 169.53 
15:11:50  29.7   0.0   0.1  70.2   0.0    7   3385  10310  162    6  162 169.37 
15:11:51  29.6   0.0   0.1  70.3   0.0    7   3767  10579  167    6  167 171.56 
15:11:52  29.7   0.0   0.2  70.1   0.0    7   3891  10476  167    6  167 174.14 
15:11:53  29.8   0.0   0.1  70.1   0.0    7   3564  10130  162    6  162 172.23 
15:11:54  29.9   0.0   0.1  70.0   0.0    7   3056  10254  162    6  162 171.93 
15:11:55  29.7   0.0   0.1  70.2   0.1    7   4106  10894  162    6  162 170.40 
15:11:56  29.6   0.0   0.2  70.2   0.0    7   4559  11266  157    6  157 169.27 
15:11:57  29.8   0.0   0.1  70.1   0.0    7   3763  10630  157    6  157 170.37 
15:11:58  28.4   0.0   0.1  71.5   0.0    4   3977  10840  164    8  169 167.07 
15:11:59  29.7   0.0   0.1  70.2   0.0    7   3732  10402  177    6  172 173.03 
15:12:00  29.8   0.0   0.1  70.2   0.0    9   3476  10327  173    1  172 173.76 
15:12:01  29.7   0.0   0.1  70.2   0.0    7   3447  10191  174    5  175 174.09 
15:12:02  29.7   0.0   0.1  65.2   5.0    7   3397  10113  172    6  172 173.45 
15:12:03  29.7   0.0   0.1  69.6   0.6    7   3367   9954  167    6  167 171.47 
  Time    User  Nice   Sys  Idle    IO  Run Ctxt/s  IRQ/s Fork Exec Exit  Watts
15:12:04  29.9   0.0   0.1  70.0   0.0    7   3881  10360  172    6  172 173.32 
15:12:05  29.8   0.0   0.1  70.1   0.0    7   3721  10085  167    6  167 174.04 
15:12:06  29.8   0.0   0.1  70.2   0.0    7   4096  10382  167    6  167 173.34 
15:12:07  28.2   0.0   0.1  71.7   0.0    8   3427   9862  164    8  164 166.02 
15:12:08  29.7   0.0   0.2  65.3   4.8    7   3517  10133  177    6  177 175.49 
15:12:09  29.7   0.0   0.2  68.7   1.4    7   3448  10436  177    6  177 176.37 
15:12:10  29.9   0.0   0.1  70.1   0.0    7   3259  10043  182    6  182 175.36 
15:12:11  29.7   0.0   0.1  70.2   0.0    7   3902  10547  172    6  172 176.24 
15:12:12  29.8   0.0   0.1  70.1   0.0    7   3530  10364  177    6  177 175.63 
15:12:13  29.9   0.0   0.1  70.0   0.0    7   4180  10788  167    6  167 174.34 
15:12:14  29.8   0.0   0.1  70.1   0.0    7   3438  10277  172    6  172 173.54 
15:12:15  29.7   0.0   0.1  70.2   0.0    7   3310  10161  167    6  167 173.88 
15:12:16  29.7   0.0   0.2  70.1   0.0    7   3597  10174  167    6  167 173.37 
15:12:17  29.8   0.0   0.1  70.0   0.0    7   3575  10122  167    6  167 172.88 
15:12:18  29.8   0.0   0.1  70.1   0.0    7   3193  10104  157    6  157 170.37 
15:12:19  28.4   0.0   0.1  71.4   0.1    7   3670  10333  164    8  164 164.10 
15:12:20  29.7   0.0   0.1  70.2   0.0    7   3691  10528  177    6  177 173.37 
15:12:21  29.7   0.0   0.2  70.2   0.0    9   3668  10624  172    6  172 171.03 
15:12:22  29.7   0.0   0.1  70.2   0.0    7   4595  10849  172    6  172 172.60 
15:12:23  29.8   0.0   0.1  70.2   0.0    7   3047  10157  172    6  172 171.48 
15:12:24  29.8   0.0   0.1  70.2   0.0    7   3423  10482  167    6  167 171.29 
15:12:25  29.7   0.0   0.1  70.0   0.2    7   3578  10461  172    6  172 173.31 
15:12:26  29.7   0.0   0.1  70.2   0.0    7   3865  10490  167    6  167 172.20 
  Time    User  Nice   Sys  Idle    IO  Run Ctxt/s  IRQ/s Fork Exec Exit  Watts
15:12:27  29.7   0.0   0.1  70.2   0.0    7   3336  10047  167    6  167 174.12 
15:12:28  29.8   0.0   0.1  70.1   0.0    7   3871  10422  167    6  167 174.31 
15:12:29  29.8   0.0   0.1  70.1   0.0    7   4096  10403  167    6  167 173.98 
15:12:30  28.2   0.0   0.1  71.7   0.0    7   3981  10367  164    8  164 168.16 
15:12:31  29.8   0.0   0.1  69.8   0.2    7   3822  10511  177    6  177 172.92 
15:12:32  29.8   0.0   0.1  70.0   0.0    7   3103   9891  172    6  172 173.83 
15:12:33  29.8   0.0   0.1  70.1   0.0    7   3275  10016  177    6  177 174.31 
15:12:34  29.8   0.0   0.1  70.1   0.0    7   3726  10316  172    6  172 172.81 
15:12:35  29.7   0.0   0.2  70.1   0.0    7   3674  10209  177    6  177 176.41 
15:12:36  29.7   0.0   0.1  70.1   0.1    7   3695  10204  167    6  167 172.32 
15:12:37  29.7   0.0   0.1  70.2   0.0    7   3901  10323  167    6  167 169.06 
15:12:38  29.7   0.0   0.2  70.2   0.0    7   3452  10365  167    6  167 172.60 
15:12:39  29.7   0.0   0.1  70.2   0.0    7   3357  10422  162    6  162 170.47 
15:12:40  29.8   0.0   0.1  70.1   0.0    7   3028   9871  167    6  167 173.55 
15:12:41  29.8   0.0   0.1  70.1   0.0    7   3604  10192  162    6  162 169.75 
15:12:42  29.7   0.0   0.1  66.5   3.6    7   2880   9738  162    6  162 171.38 
15:12:43  29.7   0.0   0.2  67.5   2.6    8   3375   9963  162    6  162 173.54 
15:12:44  29.8   0.0   0.1  70.1   0.0    7   3183  10016  157    6  157 172.32 
15:12:45  28.1   0.0   0.3  71.6   0.0    7   4467  11060  169    8  169 166.66 
15:12:46  29.8   0.0   0.2  70.0   0.0    7   3531  10436  172    6  172 173.41 
15:12:47  29.8   0.0   0.1  70.1   0.0    7   3010  10324  172    6  172 169.13 
15:12:48  29.8   0.0   0.1  70.0   0.1    7   3259  10305  167    6  167 169.81 
15:12:49  29.7   0.0   0.2  70.1   0.0    7   3533  10413  167    6  167 169.28 
  Time    User  Nice   Sys  Idle    IO  Run Ctxt/s  IRQ/s Fork Exec Exit  Watts
15:12:50  29.8   0.0   0.1  70.1   0.0    7   3197  10468  162    6  162 169.11 
15:12:51  29.7   0.0   0.2  70.1   0.0    7   3276  10585  157    6  157 164.66 
15:12:52  29.8   0.0   0.1  70.1   0.0    7   3282  10566  162    6  162 167.31 
15:12:53  29.9   0.0   0.1  70.0   0.0    7   3014  10275  157    6  157 167.80 
15:12:54  29.8   0.0   0.1  70.0   0.1    7   3653  10601  162    6  162 169.46 
15:12:55  29.8   0.0   0.1  70.0   0.0    7   2753   9761  162    6  162 168.80 
15:12:56  29.8   0.0   0.1  70.1   0.0    7   2927   9886  162    6  162 172.46 
15:12:57  29.9   0.0   0.1  69.9   0.0    7   3473  10400  157    6  157 169.63 
15:12:58  29.8   0.0   0.2  70.1   0.0    7   3083   9900  157    6  158 167.90 
15:12:59  29.9   0.0   0.1  70.0   0.0    8   3144   9964  157    6  157 168.92 
15:13:00  29.8   0.0   0.2  70.0   0.1    7   3069  10237  152    6  152 167.93 
15:13:01  29.8   0.0   0.1  70.1   0.0    7   3487  10390  152    6  152 170.16 
15:13:02  29.8   0.0   0.1  70.1   0.0    7   3075  10307  157    6  157 168.15 
15:13:03  29.8   0.0   0.1  70.1   0.0    7   3180  10303  147    6  147 165.45 
15:13:04  29.9   0.0   0.1  70.0   0.0    7   2808   9842  147    6  147 167.98 
15:13:05  28.2   0.0   0.2  71.6   0.0    7   4094  10806  159    8  159 160.22 
15:13:06  29.9   0.0   0.1  69.9   0.1    7   3097   9878  172    6  172 172.62 
15:13:07  29.9   0.0   0.1  70.0   0.0    7   3346  10067  177    6  177 171.79 
15:13:08  29.9   0.0   0.1  70.0   0.0    7   3674  10297  167    6  167 170.61 
15:13:09  30.0   0.0   0.1  69.9   0.0    7   3502   9957  177    6  177 177.18 
15:13:10  29.8   0.0   0.1  70.1   0.0    7   3123   9909  172    6  172 171.29 
15:13:11  29.7   0.0   0.2  70.1   0.0    7   3481  10106  162    6  162 168.79 
15:13:12  29.8   0.0   0.1  70.0   0.1    7   3536  10312  162    6  162 169.92 
  Time    User  Nice   Sys  Idle    IO  Run Ctxt/s  IRQ/s Fork Exec Exit  Watts
15:13:13  29.7   0.0   0.2  70.1   0.0    7   3706  10474  162    6  162 169.86 
15:13:14  29.8   0.0   0.2  70.1   0.0    7   3757  10487  157    6  157 166.98 
15:13:15  29.8   0.0   0.2  70.1   0.0    7   3080  10257  167    6  167 170.95 
15:13:16  29.8   0.0   0.2  70.0   0.0    7   4008  10566  157    6  157 167.53 
15:13:17  29.9   0.0   0.1  70.0   0.0    7   3597  10305  157    6  157 170.02 
15:13:18  29.8   0.0   0.1  68.2   1.9    7   3951  10565  157    6  157 168.51 
15:13:19  29.0   0.0   0.1  69.1   1.8    2   4126  10852  154    8  159 167.16 
15:13:20  29.1   0.0   0.1  70.8   0.0    8   3433  10056  172    6  167 166.71 
15:13:21  29.8   0.0   0.1  70.1   0.0    8   3352  10208  172    6  172 170.54 
15:13:22  29.8   0.0   0.2  70.1   0.0    7   3654  10817  167    6  167 169.06 
15:13:23  29.8   0.0   0.1  70.1   0.0    7   3706  10680  167    6  167 170.31 
15:13:24  29.8   0.0   0.2  70.0   0.1    7   3465  10439  172    6  172 171.61 
15:13:25  29.9   0.0   0.1  70.0   0.0    7   3665  10433  162    6  162 171.22 
15:13:26  29.9   0.0   0.1  70.0   0.0    7   3346  10053  167    6  167 170.31 
15:13:27  29.9   0.0   0.1  70.0   0.0    7   2605   9788  162    6  162 167.64 
15:13:28  29.7   0.0   0.2  70.1   0.0    7   3504  10439  162    6  162 167.38 
15:13:29  29.9   0.0   0.1  69.9   0.0    7   3823  10249  162    6  162 171.87 
15:13:30  29.9   0.0   0.1  69.9   0.1    7   3842  10462  162    6  162 169.53 
15:13:31  29.9   0.0   0.1  70.0   0.0    7   3445  10299  162    6  162 170.73 
15:13:32  29.8   0.0   0.2  70.1   0.0    7   3246  10365  152    6  152 165.09 
15:13:33  30.0   0.0   0.0  69.9   0.0    7   3118  10081  157    6  157 169.63 
15:13:34  29.9   0.0   0.1  70.1   0.0    7   3080  10175  157    6  157 170.93 
15:13:35  28.3   0.0   0.2  71.5   0.0    7   3684  10078  149    8  149 162.89 
  Time    User  Nice   Sys  Idle    IO  Run Ctxt/s  IRQ/s Fork Exec Exit  Watts
15:13:36  29.9   0.0   0.1  69.9   0.1    7   3159  10211  167    6  167 166.61 
15:13:37  29.8   0.0   0.1  70.1   0.0    7   3354  10100  167    6  167 166.70 
15:13:38  29.9   0.0   0.1  70.0   0.0    7   3387  10301  167    6  167 168.65 
15:13:39  29.8   0.0   0.1  70.1   0.0    7   3509  10303  167    6  167 171.15 
15:13:40  29.8   0.0   0.2  70.1   0.0    7   3664  10394  167    6  167 170.07 
15:13:41  29.7   0.0   0.1  70.2   0.0    7   3268  10339  172    6  172 171.31 
15:13:42  29.8   0.0   0.1  69.9   0.1    7   3644  10696  162    6  162 171.89 
15:13:43  29.7   0.0   0.1  70.2   0.0    7   3509  10349  162    6  162 166.86 
15:13:44  29.9   0.0   0.1  70.0   0.0    7   2860  10149  162    6  162 168.34 
15:13:45  29.8   0.0   0.1  70.1   0.0    7   2963   9896  157    6  157 168.55 
15:13:46  29.9   0.0   0.1  70.0   0.0    7   3214  10043  162    6  162 170.37 
15:13:47  29.9   0.0   0.1  70.0   0.0    3   3633  10389  157    6  162 171.61 
15:13:48  29.8   0.0   0.1  70.1   0.1    7   3745  10437  157    6  152 168.53 
15:13:49  28.1   0.0   0.1  71.8   0.0    7   3539   9917  159    8  159 162.08 
15:13:50  29.9   0.0   0.1  70.0   0.0    7   3466  10415  172    6  172 170.09 
15:13:51  29.8   0.0   0.1  70.1   0.0    7   3680  10314  172    6  172 169.26 
15:13:52  29.8   0.0   0.1  70.1   0.0    7   3272  10360  167    6  167 170.18 
15:13:53  29.9   0.0   0.1  70.0   0.0    7   3202  10211  172    6  172 170.80 
15:13:54  29.9   0.0   0.1  68.8   1.2    7   3179  10129  162    6  162 169.12 
15:13:55  29.9   0.0   0.1  70.0   0.0    7   3719  10696  162    6  162 167.70 
15:13:56  29.8   0.0   0.1  70.1   0.0    7   3780  10710  162    6  162 169.38 
15:13:57  29.8   0.0   0.2  70.0   0.0    7   3434  10308  162    6  162 168.65 
15:13:58  29.7   0.0   0.2  70.1   0.0    7   3838  10911  157    6  157 167.40 
  Time    User  Nice   Sys  Idle    IO  Run Ctxt/s  IRQ/s Fork Exec Exit  Watts
15:13:59  29.9   0.0   0.1  70.0   0.0    7   3330  10160  162    6  162 170.18 
15:14:00  28.0   0.0   0.2  70.7   1.2    7   3554  10431  164    8  164 163.01 
15:14:01  29.8   0.0   0.1  70.0   0.2    7   3317  10358  172    6  172 171.64 
15:14:02  29.8   0.0   0.1  70.1   0.0    7   3739  10357  172    6  172 172.93 
15:14:03  29.9   0.0   0.1  70.0   0.0    6   3733  10255  172    6  172 173.54 
15:14:04  29.8   0.0   0.1  70.1   0.0    7   3256  10146  167    6  167 167.52 
15:14:05  29.8   0.0   0.2  69.1   1.0    7   3584  10258  167    6  167 168.71 
15:14:06  29.8   0.0   0.1  66.2   3.9    7   3572  10541  167    6  167 169.96 
15:14:07  29.7   0.0   0.2  70.0   0.2    7   2855  10047  162    6  162 170.15 
15:14:08  29.8   0.0   0.1  70.1   0.0    7   3244  10039  167    6  167 170.35 
15:14:09  29.9   0.0   0.1  70.0   0.0    7   3214  10024  162    6  162 170.95 
15:14:10  29.9   0.0   0.1  70.0   0.0    7   2868   9542  162    6  162 168.05 
15:14:11  29.9   0.0   0.1  69.9   0.1    7   3380  10324  152    6  152 166.34 
15:14:12  28.4   0.0   0.1  71.5   0.0    7   3612  10373  154    8  154 160.55 
15:14:13  29.9   0.0   0.1  69.4   0.6    7   3931  10956  174    6  174 171.80 
15:14:14  29.8   0.0   0.2  70.1   0.0    7   3608  10599  167    6  167 170.10 
15:14:15  29.8   0.0   0.1  70.1   0.0    7   3119  10403  172    6  172 168.20 
15:14:16  29.8   0.0   0.2  70.0   0.0    7   2775  10110  162    6  162 164.82 
15:14:17  29.9   0.0   0.1  70.0   0.0    7   3599  10783  162    6  162 166.23 
15:14:18  29.8   0.0   0.1  69.9   0.1    7   3948  10628  167    6  167 170.84 
15:14:19  29.9   0.0   0.1  70.1   0.0    7   3530  10474  162    6  162 167.21 
15:14:20  29.8   0.0   0.1  70.1   0.0    7   3411  10330  167    6  167 172.00 
15:14:21  29.9   0.0   0.1  70.0   0.0    2   3574  10553  162    6  167 170.45 
  Time    User  Nice   Sys  Idle    IO  Run Ctxt/s  IRQ/s Fork Exec Exit  Watts
15:14:22  29.9   0.0   0.1  70.0   0.0    7   3431  10496  162    6  157 169.32 
15:14:23  29.8   0.0   0.1  70.2   0.0    7   3299  10414  157    6  157 166.49 
15:14:24  29.8   0.0   0.1  70.0   0.1    7   2486   9730  157    6  157 167.01 
15:14:25  29.8   0.0   0.1  70.1   0.0    7   3358  10396  157    6  157 167.50 
15:14:26  29.9   0.0   0.1  70.0   0.0    7   2920   9898  157    6  157 169.80 
15:14:27  30.0   0.0   0.0  69.9   0.0    7   2914   9805  162    6  162 172.79 
15:14:28  28.1   0.0   0.2  69.6   2.2    7   3561  10286  154    8  154 161.63 
15:14:29  30.0   0.0   0.0  67.1   2.9    7   3554  10335  172    6  172 169.04 
15:14:30  29.9   0.0   0.1  70.0   0.0    7   3822  10500  167    6  167 170.39 
15:14:31  29.8   0.0   0.2  70.0   0.0    7   3929  10688  172    6  172 171.20 
15:14:32  29.9   0.0   0.1  70.0   0.0    7   3587  10447  167    6  167 168.58 
15:14:33  29.9   0.0   0.1  69.9   0.1    7   3323  10128  167    6  167 168.63 
15:14:34  29.8   0.0   0.1  67.2   2.9    7   3367  10213  162    6  162 169.82 
15:14:35  29.9   0.0   0.1  70.0   0.0    7   3626  10407  167    6  167 169.50 
15:14:36  29.9   0.0   0.0  70.1   0.0    8   3340  10174  161    1  161 171.51 
15:14:37  27.8   0.0   0.2  72.0   0.0    7   3657  10749  148    7  148 157.22 
15:14:38  29.8   0.0   0.1  70.1   0.0    7   4009  10664  172    6  172 168.73 
15:14:39  29.8   0.0   0.1  70.1   0.0    7   3713  10413  167    6  167 169.33 
15:14:40  29.9   0.0   0.1  69.9   0.1    7   4008  10798  172    6  172 171.06 
15:14:41  29.9   0.0   0.1  70.1   0.0    7   3719  10595  167    6  167 169.80 
15:14:42  29.9   0.0   0.1  70.1   0.0    7   3434  10213  167    6  167 170.74 
15:14:43  29.9   0.0   0.1  70.0   0.0    7   3132  10094  167    6  167 171.24 
15:14:44  29.9   0.0   0.1  70.0   0.0    7   2929  10137  167    6  167 170.09 
  Time    User  Nice   Sys  Idle    IO  Run Ctxt/s  IRQ/s Fork Exec Exit  Watts
15:14:45  29.8   0.0   0.1  70.1   0.0    7   2908   9961  157    6  157 165.98 
15:14:46  29.8   0.0   0.1  69.9   0.2    7   3611  10288  157    6  157 166.04 
15:14:47  29.9   0.0   0.1  70.0   0.0    7   3410  10165  162    6  162 169.17 
15:14:48  29.7   0.0   0.2  70.1   0.0    7   3314  10281  162    6  162 169.12 
15:14:49  29.9   0.0   0.1  70.1   0.0    7   3257  10108  157    6  157 170.74 
15:14:50  28.4   0.0   0.2  71.4   0.0    7   3705  10576  159    8  159 163.66 
15:14:51  29.9   0.0   0.1  70.0   0.0    7   3473  10537  167    6  167 168.09 
15:14:52  29.9   0.0   0.1  69.8   0.1    7   3680  10603  172    6  172 169.31 
15:14:53  29.9   0.0   0.1  70.0   0.0    7   3208  10281  167    6  167 169.67 
15:14:54  29.8   0.0   0.1  70.1   0.0    7   3050  10367  162    6  162 164.43 
15:14:55  29.9   0.0   0.1  70.0   0.0    7   3625  10192  177    6  177 174.31 
15:14:56  29.9   0.0   0.1  70.0   0.0    7   3252  10322  167    6  167 169.96 
15:14:57  29.8   0.0   0.2  70.0   0.0    7   3513  10154  167    6  167 171.15 
15:14:58  29.7   0.0   0.2  70.0   0.1    7   3265  10129  162    6  162 171.03 
15:14:59  29.9   0.0   0.1  69.9   0.0    7   3896  10352  167    6  167 172.54 
15:15:00  29.9   0.0   0.1  70.0   0.0    7   3951  10703  162    6  162 171.67 
15:15:01  30.0   0.0   0.1  69.7   0.2    7   3600  10315  165    8  165 173.99 
15:15:02  28.4   0.0   0.1  71.5   0.0    7   4099  10915  159    8  159 163.66 
15:15:03  29.9   0.0   0.1  70.0   0.0    7   3664  10626  167    6  167 170.45 
15:15:04  29.9   0.0   0.1  70.0   0.0    7   3261  10144  172    6  172 169.11 
15:15:05  29.8   0.0   0.1  70.1   0.0    7   3357  10022  167    6  167 167.90 
15:15:06  29.9   0.0   0.0  70.0   0.0    7   3773  10368  167    6  167 169.81 
15:15:07  29.9   0.0   0.1  69.8   0.1    7   2835   9904  167    6  167 169.77 
  Time    User  Nice   Sys  Idle    IO  Run Ctxt/s  IRQ/s Fork Exec Exit  Watts
15:15:08  29.8   0.0   0.1  70.1   0.0    7   2912   9724  162    6  162 167.40 
15:15:09  29.9   0.0   0.1  70.1   0.0    7   3580  10286  162    6  162 169.37 
15:15:10  29.7   0.0   0.1  70.2   0.0    7   3422  10199  167    6  167 170.03 
15:15:11  29.7   0.0   0.2  70.1   0.0    7   2873   9752  157    6  157 168.85 
15:15:12  30.0   0.0   0.1  69.8   0.1    8   3266   9989  167    6  167 172.11 
15:15:13  29.8   0.0   0.1  70.2   0.0    7   3062   9932  157    6  157 169.90 
15:15:14  29.8   0.0   0.1  70.1   0.0    7   3771  10627  157    6  157 168.76 
15:15:15  29.8   0.0   0.2  70.1   0.0    7   3303  10022  162    6  162 170.80 
15:15:16  29.9   0.0   0.1  70.0   0.0    7   3367  10208  152    6  152 168.90 
15:15:17  29.8   0.0   0.1  70.1   0.0    7   3023  10125  157    6  157 167.06 
15:15:18  28.6   0.0   0.1  71.3   0.1    7   4017  10955  159    8  159 162.24 
15:15:19  30.0   0.0   0.1  69.9   0.0    7   3420  10076  172    6  172 170.87 
15:15:20  29.8   0.0   0.1  70.1   0.0    7   3374  10488  162    6  162 165.35 
15:15:21  29.8   0.0   0.1  70.1   0.0    7   3334  10513  167    6  167 169.61 
15:15:22  29.9   0.0   0.1  70.0   0.0    2   3333  10257  167    6  168 169.87 
15:15:23  29.8   0.0   0.1  70.1   0.0    7   3271   9946  167    6  166 170.04 
15:15:24  29.9   0.0   0.1  69.9   0.1    7   3696  10436  167    6  167 169.99 
15:15:25  29.8   0.0   0.2  70.0   0.0    7   3659  10227  167    6  168 171.59 
15:15:26  29.8   0.0   0.1  70.1   0.0    7   3536  10064  162    6  162 168.58 
15:15:27  29.8   0.0   0.2  70.1   0.0    7   3660  10359  162    6  162 171.45 
15:15:28  29.9   0.0   0.1  70.0   0.0    7   3392  10411  162    6  162 167.98 
15:15:29  30.1   0.0   0.0  69.9   0.0    7   3286  10136  167    6  167 174.60 
15:15:30  29.8   0.0   0.1  70.1   0.0    7   4072  10635  157    6  157 169.86 
  Time    User  Nice   Sys  Idle    IO  Run Ctxt/s  IRQ/s Fork Exec Exit  Watts
15:15:31  29.8   0.0   0.2  70.0   0.0    7   2886   9696  157    6  157 167.95 
15:15:32  29.9   0.0   0.1  70.0   0.1    7   2464   9568  157    6  157 169.03 
15:15:33  29.9   0.0   0.1  70.0   0.0    7   2803   9895  157    6  157 168.87 
15:15:34  30.1   0.0   0.1  69.5   0.3    7   3740  10494  153    6  152 170.76 
15:15:35  29.9   0.0   0.1  70.0   0.0    7   3271  10018  152    6  152 169.78 
15:15:36  29.8   0.0   0.1  69.9   0.2    7   3425  10184  152    6  152 168.70 
15:15:37  29.8   0.0   0.1  70.1   0.0    7   2768   9893  152    6  152 168.54 
15:15:38  28.2   0.0   0.1  71.7   0.0    7   3116   9851  149    8  149 163.38 
15:15:39  29.8   0.0   0.2  70.0   0.0    7   3176  10092  172    6  172 170.59 
15:15:40  29.8   0.0   0.1  70.1   0.0    7   3569  10422  172    6  172 172.55 
15:15:41  29.9   0.0   0.1  69.8   0.1    7   4269  10746  172    6  172 173.17 
15:15:42  29.8   0.0   0.2  70.0   0.0    7   3383  10517  167    6  167 168.28 
15:15:43  29.9   0.0   0.1  70.0   0.0    7   3579  10435  167    6  167 168.55 
15:15:44  29.8   0.0   0.1  70.1   0.0    7   3452  10783  162    6  162 167.11 
15:15:45  29.8   0.0   0.2  70.0   0.0    7   3609  10909  157    6  157 164.93 
15:15:46  29.7   0.0   0.2  70.1   0.0    7   3664  10737  162    6  162 167.52 
15:15:47  29.9   0.0   0.1  70.0   0.1    8   3059  10132  162    6  162 166.76 
15:15:48  28.1   0.0   0.2  71.7   0.0    7   3460  10351  149    8  149 160.47 
15:15:49  29.9   0.0   0.1  70.0   0.0    7   3456  10304  172    6  173 170.78 
15:15:50  29.8   0.0   0.1  70.2   0.0    7   3082  10369  172    6  172 168.67 
15:15:51  29.7   0.0   0.2  70.1   0.0    7   3586  10477  167    6  167 170.01 
15:15:52  29.9   0.0   0.1  70.0   0.0    7   2942  10023  172    6  172 170.41 
15:15:53  29.7   0.0   0.2  69.8   0.3    7   3653  10500  172    6  172 172.22 
  Time    User  Nice   Sys  Idle    IO  Run Ctxt/s  IRQ/s Fork Exec Exit  Watts
15:15:54  29.6   0.0   0.2  70.2   0.0    7   3688  10645  157    6  157 166.42 
15:15:55  29.9   0.0   0.1  70.0   0.0    7   3039  10216  167    6  167 168.87 
15:15:56  29.9   0.0   0.1  70.0   0.0    7   3995  10904  162    6  162 171.17 
15:15:57  29.8   0.0   0.1  70.1   0.0    7   3183  10616  162    6  162 166.39 
15:15:58  29.9   0.0   0.1  70.0   0.0    7   3424  10494  157    6  157 169.09 
15:15:59  29.8   0.0   0.1  70.0   0.1    7   3674  10665  162    6  162 169.95 
15:16:00  29.7   0.0   0.2  70.1   0.0    7   3468  10546  152    6  152 167.64 
15:16:01  29.8   0.0   0.1  70.1   0.0    7   3084  10447  157    6  157 168.02 
15:16:02  29.8   0.0   0.1  70.1   0.0    7   3147  10239  157    6  157 168.51 
15:16:03  30.0   0.0   0.1  69.9   0.0    7   3439  10594  152    6  152 168.28 
15:16:04  28.6   0.0   0.1  71.3   0.0    7   3614  10857  167    8  169 164.31 
15:16:05  29.8   0.0   0.2  70.0   0.1    7   2825  10566  164    6  162 167.46 
15:16:06  29.8   0.0   0.1  70.1   0.0    7   3963  10698  177    6  177 172.22 
15:16:07  29.9   0.0   0.1  70.0   0.0    7   3006   9951  167    6  167 169.62 
15:16:08  29.9   0.0   0.1  70.0   0.0    7   3843  10338  172    6  172 172.51 
15:16:09  29.8   0.0   0.2  70.0   0.0    7   3111  10081  162    6  162 168.50 
15:16:10  29.8   0.0   0.1  68.6   1.6    7   3462  10233  167    6  167 170.17 
15:16:11  29.9   0.0   0.1  67.5   2.4    7   3452   9897  167    6  167 171.77 
15:16:12  29.9   0.0   0.1  70.0   0.0    7   3775  10288  162    6  162 169.94 
15:16:13  29.9   0.0   0.1  70.0   0.0    7   3466  10267  162    6  162 170.79 
15:16:14  30.0   0.0   0.0  70.0   0.0    7   3110   9945  167    6  168 172.57 
15:16:15  29.8   0.0   0.2  70.0   0.0    7   3120   9807  162    6  162 171.08 
15:16:16  29.9   0.0   0.1  70.0   0.1    7   3472  10043  157    6  157 171.71 
  Time    User  Nice   Sys  Idle    IO  Run Ctxt/s  IRQ/s Fork Exec Exit  Watts
15:16:17  29.7   0.0   0.2  70.1   0.0    7   2927   9772  157    6  157 168.56 
15:16:18  28.3   0.0   0.2  71.6   0.0    7   3879  10314  154    8  154 163.08 
15:16:19  29.9   0.0   0.1  70.0   0.0    7   3345  10487  172    6  172 169.40 
15:16:20  29.7   0.0   0.2  70.2   0.0    7   3106  10189  167    6  167 166.90 
15:16:21  29.9   0.0   0.1  70.0   0.1    7   2842  10162  167    6  167 168.27 
15:16:22  29.9   0.0   0.1  70.0   0.0    7   3286  10302  172    6  172 170.83 
15:16:23  29.9   0.0   0.1  70.0   0.0    7   3307  10525  168    6  167 167.67 
15:16:24  29.7   0.0   0.2  70.1   0.0    7   3704  10749  162    6  162 168.03 
15:16:25  29.9   0.0   0.1  70.0   0.0    7   3463  10232  167    6  167 171.11 
15:16:26  29.8   0.0   0.1  70.1   0.0    7   3548  10220  167    6  167 172.47 
15:16:27  29.8   0.0   0.2  69.9   0.2    7   3106   9898  162    6  162 169.19 
15:16:28  29.7   0.0   0.2  70.1   0.0    7   2959  10059  162    6  162 167.91 
15:16:29  29.9   0.0   0.1  70.0   0.0    7   3348  10044  157    6  157 169.18 
15:16:30  29.9   0.0   0.1  70.0   0.0    7   3111  10094  162    6  162 168.81 
15:16:31  29.7   0.0   0.2  70.1   0.0    7   2862   9865  157    6  157 167.61 
15:16:32  29.8   0.0   0.1  70.1   0.0    7   3341  10143  157    6  157 168.35 
15:16:33  29.9   0.0   0.1  70.0   0.1    7   3007   9789  152    6  152 165.22 
15:16:34  28.3   0.0   0.2  71.6   0.0    7   3895  10307  144    8  144 161.32 
15:16:35  29.9   0.0   0.1  69.9   0.0    7   3408  10473  172    6  172 169.86 
15:16:36  29.8   0.0   0.1  70.1   0.0    7   3018  10271  172    6  172 170.75 
15:16:37  29.8   0.0   0.2  70.0   0.0    7   2970  10437  172    6  172 171.31 
15:16:38  30.0   0.0   0.1  70.0   0.0    7   3342  10703  167    6  167 169.24 
15:16:39  29.9   0.0   0.1  69.1   0.8    7   3638  10506  162    6  162 167.64 
  Time    User  Nice   Sys  Idle    IO  Run Ctxt/s  IRQ/s Fork Exec Exit  Watts
15:16:40  29.9   0.0   0.1  67.8   2.2    7   3729  10788  162    6  162 166.12 
15:16:41  29.9   0.0   0.1  70.0   0.0    7   3171  10291  162    6  162 167.49 
15:16:42  29.8   0.0   0.2  70.0   0.0    7   3613  10583  162    6  162 170.02 
15:16:43  29.9   0.0   0.1  70.0   0.0    7   3738  10472  162    6  162 169.73 
15:16:44  29.8   0.0   0.1  70.1   0.0    7   2766   9927  162    6  162 166.16 
15:16:45  29.9   0.0   0.1  69.2   0.8    7   2616   9819  157    6  157 167.44 
15:16:46  29.9   0.0   0.1  67.7   2.4    7   3597  10336  162    6  162 169.64 
15:16:47  29.8   0.0   0.1  70.1   0.0    7   3286  10090  152    6  152 167.49 
15:16:48  29.9   0.0   0.1  70.0   0.0    7   3154  10096  158    6  162 170.32 
15:16:49  30.0   0.0   0.1  69.9   0.0    7   2873  10177  156    6  152 169.32 
15:16:50  29.9   0.0   0.1  70.0   0.0    7   2685  10041  157    6  157 169.57 
15:16:51  28.0   0.0   0.2  71.8   0.1    7   3964  10232  144    8  144 156.81 
15:16:52  29.8   0.0   0.1  70.1   0.0    7   4284  10653  172    6  172 168.06 
15:16:53  29.8   0.0   0.2  70.0   0.0    7   3760  10396  172    6  172 171.12 
15:16:54  29.9   0.0   0.1  70.0   0.0    7   3296   9988  167    6  167 169.46 
15:16:55  29.9   0.0   0.1  70.0   0.0    7   3278   9993  172    6  172 172.65 
15:16:56  29.9   0.0   0.1  70.1   0.0    7   3320  10064  172    6  172 172.55 
15:16:57  29.8   0.0   0.1  70.0   0.1    7   2960   9651  167    6  167 170.20 
15:16:58  29.7   0.0   0.2  70.1   0.0    7   3530  10055  167    6  167 170.12 
15:16:59  29.8   0.0   0.2  70.1   0.0    7   2859   9641  167    6  167 170.71 
15:17:00  29.8   0.0   0.1  70.1   0.0    7   3357  10028  157    6  157 169.81 
15:17:01  29.9   0.0   0.1  70.0   0.0    3   3336  10223  165    8  170 171.71 
15:17:02  29.8   0.0   0.1  70.0   0.0    7   3434  10257  162    6  157 168.03 
  Time    User  Nice   Sys  Idle    IO  Run Ctxt/s  IRQ/s Fork Exec Exit  Watts
15:17:03  29.8   0.0   0.2  70.0   0.1    7   3389  10673  152    6  152 166.45 
15:17:04  29.9   0.0   0.1  70.0   0.0    7   3459  10351  162    6  162 169.80 
15:17:05  29.9   0.0   0.1  70.0   0.0    7   3401  10210  157    6  157 169.52 
15:17:06  28.4   0.0   0.1  71.4   0.0    7   3878  10369  159    8  159 163.82 
15:17:07  29.8   0.0   0.2  70.1   0.0    7   3470  10496  172    6  172 171.02 
15:17:08  29.8   0.0   0.1  70.1   0.0    7   3336  10124  172    6  172 169.05 
15:17:09  29.8   0.0   0.1  70.1   0.0    7   3450  10331  167    6  167 172.05 
15:17:10  29.8   0.0   0.2  68.7   1.4    8   3533  10334  166    0  166 171.93 
15:17:11  29.7   0.0   0.1  70.2   0.0    7   3581  10413  166    6  166 169.44 
15:17:12  29.9   0.0   0.1  70.0   0.0    7   2978  10108  162    6  162 166.22 
15:17:13  29.8   0.0   0.1  70.1   0.0    7   3446  10409  162    6  162 168.12 
15:17:14  29.9   0.0   0.1  70.0   0.0    7   3033  10147  157    6  157 167.79 
15:17:15  29.8   0.0   0.2  70.0   0.0    7   2702   9828  162    6  162 168.66 
15:17:16  29.9   0.0   0.1  69.9   0.2    7   3401   9995  162    6  162 169.93 
15:17:17  29.8   0.0   0.1  70.1   0.0    7   3306  10511  162    6  162 169.70 
15:17:18  29.8   0.0   0.2  70.0   0.0    7   3535  10733  157    6  157 169.93 
15:17:19  28.4   0.0   0.1  71.5   0.0    7   3701  11045  149    8  149 160.59 
15:17:20  29.9   0.0   0.1  70.0   0.0    7   3944  10718  172    6  172 171.31 
15:17:21  29.8   0.0   0.1  70.0   0.0    7   3805  10851  172    6  172 171.04 
15:17:22  29.8   0.0   0.1  69.9   0.1    7   2797  10127  172    6  172 172.16 
15:17:23  29.9   0.0   0.1  70.0   0.0    7   3204  10083  167    6  167 167.72 
15:17:24  29.8   0.0   0.1  70.1   0.0    7   3584  10389  167    6  167 170.34 
15:17:25  29.9   0.0   0.1  70.0   0.0    7   3254   9975  167    6  167 172.16 
  Time    User  Nice   Sys  Idle    IO  Run Ctxt/s  IRQ/s Fork Exec Exit  Watts
15:17:26  29.9   0.0   0.1  70.0   0.0    7   3364  10207  167    6  167 169.97 
15:17:27  29.7   0.0   0.2  70.1   0.0    7   3578  10422  162    6  162 168.38 
15:17:28  29.8   0.0   0.1  70.0   0.1    7   3554  10175  162    6  162 171.77 
15:17:29  29.8   0.0   0.2  70.0   0.0    7   3421  10316  162    6  162 169.47 
15:17:30  29.9   0.0   0.1  70.0   0.0    2   2927   9728  162    6  163 173.70 
15:17:31  29.8   0.0   0.1  70.0   0.1    7   3853  10477  167    6  166 173.90 
15:17:32  29.8   0.0   0.2  70.0   0.0    7   3609  10013  157    6  157 171.74 
15:17:33  29.9   0.0   0.1  69.9   0.1    7   3157  10045  157    6  157 166.91 
15:17:34  27.7   0.0   0.2  72.1   0.0    7   3676   9958  144    8  144 158.63 
15:17:35  29.9   0.0   0.1  70.0   0.0    7   3364  10134  177    6  177 169.93 
15:17:36  29.8   0.0   0.1  70.1   0.0    7   3342  10040  172    6  172 171.86 
15:17:37  29.9   0.0   0.1  70.0   0.0    7   3669  10304  172    6  172 169.49 
15:17:38  29.9   0.0   0.1  70.0   0.0    7   3317  10203  167    6  167 168.37 
15:17:39  29.9   0.0   0.1  66.3   3.7    8   3440  10390  167    6  167 172.55 
15:17:40  29.9   0.0   0.1  70.0   0.0    8   3304  10118  167    6  167 169.72 
15:17:41  29.7   0.0   0.2  70.1   0.0    7   2969   9905  162    6  162 168.97 
15:17:42  29.9   0.0   0.1  70.0   0.0    7   3618  10215  167    6  167 171.86 
15:17:43  29.8   0.0   0.1  70.1   0.0    7   2875  10034  157    6  157 165.77 
15:17:44  29.9   0.0   0.1  70.0   0.0    7   4171  10512  162    6  162 169.44 
15:17:45  29.9   0.0   0.1  69.8   0.1    7   3611  10109  157    6  157 168.23 
15:17:46  29.8   0.0   0.1  70.1   0.0    7   3173  10100  162    6  162 171.55 
15:17:47  29.8   0.0   0.1  70.1   0.0    7   3254   9985  157    6  157 168.98 
15:17:48  30.0   0.0   0.1  69.9   0.0    7   3317  10266  162    6  162 169.47 
  Time    User  Nice   Sys  Idle    IO  Run Ctxt/s  IRQ/s Fork Exec Exit  Watts
15:17:49  29.8   0.0   0.1  70.1   0.0    7   3347  10366  152    6  152 169.09 
15:17:50  29.8   0.0   0.1  70.1   0.0    7   2232   9913  152    6  152 163.99 
15:17:51  29.9   0.0   0.1  70.0   0.1    7   2993   9887  157    6  157 169.79 
15:17:52  29.9   0.0   0.1  70.0   0.0    7   3585   9993  152    6  152 172.24 
15:17:53  27.8   0.0   0.2  72.0   0.0    7   4160  10202  159    8  159 157.97 
15:17:54  29.9   0.0   0.1  70.0   0.0    7   3611  10221  167    6  167 169.94 
15:17:55  29.9   0.0   0.1  70.0   0.0    7   3157  10263  172    6  172 170.47 
15:17:56  29.8   0.0   0.1  70.1   0.0    7   3669  10306  167    6  167 170.12 
15:17:57  29.8   0.0   0.1  70.0   0.1    7   3691  10375  172    6  172 170.70 
15:17:58  29.9   0.0   0.1  70.0   0.0    7   2952  10060  167    6  167 168.93 
15:17:59  29.8   0.0   0.2  70.0   0.0    7   3025  10100  162    6  162 167.99 
15:18:00  29.8   0.0   0.2  70.1   0.0    7   3501  10098  167    6  167 169.72 
15:18:01  29.9   0.0   0.1  70.0   0.0    7   3221  10130  162    6  162 168.19 
15:18:02  29.8   0.0   0.1  70.1   0.0    7   3421  10409  157    6  157 165.89 
15:18:03  29.9   0.0   0.1  69.9   0.1    7   3086  10173  162    6  162 168.27 
15:18:04  29.8   0.0   0.1  70.1   0.0    7   3097  10112  157    6  157 168.37 
15:18:05  29.9   0.0   0.1  70.0   0.0    8   2918  10074  162    6  162 168.97 
15:18:06  29.9   0.0   0.1  70.0   0.0    7   2741   9918  157    6  157 170.14 
15:18:07  29.9   0.0   0.1  70.0   0.0    7   2988   9925  162    6  162 170.43 
15:18:08  29.9   0.0   0.1  70.0   0.0    7   3193  10175  152    6  152 169.58 
15:18:09  27.8   0.0   0.2  71.9   0.1    7   3975  10375  159    8  159 156.76 
15:18:10  29.8   0.0   0.1  70.1   0.0    7   3737  10495  167    6  167 168.74 
15:18:11  29.7   0.0   0.2  70.1   0.0    7   3364  10356  167    6  167 166.45 
  Time    User  Nice   Sys  Idle    IO  Run Ctxt/s  IRQ/s Fork Exec Exit  Watts
15:18:12  29.8   0.0   0.1  70.0   0.0    7   3472  10472  167    6  167 167.79 
15:18:13  29.9   0.0   0.1  70.0   0.0    7   2822  10214  162    6  162 168.03 
15:18:14  29.9   0.0   0.1  69.9   0.1    7   3062  10141  172    6  172 171.16 
15:18:15  29.9   0.0   0.1  70.0   0.0    7   3001  10096  167    6  167 172.96 
15:18:16  29.8   0.0   0.2  70.1   0.0    7   3125  10187  162    6  162 165.90 
15:18:17  29.8   0.0   0.1  70.1   0.0    7   3253   9980  158    6  162 167.97 
15:18:18  29.9   0.0   0.1  70.0   0.0    7   2975  10012  161    6  157 166.82 
15:18:19  29.9   0.0   0.1  70.0   0.0    7   3431  10225  162    6  162 171.21 
15:18:20  29.9   0.0   0.1  69.9   0.1    7   3427   9998  157    6  157 168.54 
15:18:21  29.8   0.0   0.1  70.1   0.0    7   3277  10179  157    6  157 168.73 
15:18:22  29.9   0.0   0.1  70.0   0.0    7   3073   9972  162    6  162 169.95 
15:18:23  29.9   0.0   0.1  70.0   0.0    7   2918   9773  157    6  157 170.40 
15:18:24  30.0   0.0   0.1  69.8   0.0    7   2377   9688  157    6  157 168.99 
15:18:25  29.7   0.0   0.1  70.1   0.1    7   2284   9467  152    6  152 169.65 
15:18:26  29.9   0.0   0.1  70.0   0.0    7   3271  10172  157    6  157 168.41 
15:18:27  28.3   0.0   0.2  71.5   0.0    7   3595  10617  154    8  154 161.33 
15:18:28  29.9   0.0   0.1  70.1   0.0    7   3531  10450  172    6  172 170.07 
15:18:29  29.9   0.0   0.1  70.0   0.0    7   3669  10737  172    6  172 172.39 
15:18:30  29.8   0.0   0.1  70.1   0.0    7   3553  10755  167    6  167 166.93 
15:18:31  29.9   0.0   0.1  70.0   0.1    7   3561  10709  167    6  167 168.72 
15:18:32  29.7   0.0   0.2  70.1   0.0    7   2717  10122  162    6  162 165.31 
15:18:33  29.7   0.0   0.2  70.1   0.0    7   3269  10206  167    6  167 170.85 
15:18:34  27.8   0.0   0.1  72.1   0.0    7   4025  10396  154    8  154 159.16 
  Time    User  Nice   Sys  Idle    IO  Run Ctxt/s  IRQ/s Fork Exec Exit  Watts
15:18:35  29.9   0.0   0.1  70.0   0.0    7   3976  10459  172    6  172 170.33 
15:18:36  29.9   0.0   0.1  70.0   0.0    7   4276  10585  177    6  177 173.08 
15:18:37  29.9   0.0   0.1  70.0   0.1    7   3854  10456  167    6  167 171.03 
15:18:38  29.9   0.0   0.1  70.0   0.0    7   3222  10220  167    6  167 168.28 
15:18:39  29.8   0.0   0.1  70.1   0.0    7   3538  10344  167    6  167 169.80 
15:18:40  29.8   0.0   0.1  70.1   0.0    7   3279  10202  162    6  162 169.30 
15:18:41  29.9   0.0   0.1  70.0   0.0    7   2685   9766  167    6  167 171.57 
15:18:42  29.8   0.0   0.1  70.1   0.0    7   3590  10326  162    6  162 167.87 
15:18:43  29.8   0.0   0.1  70.0   0.1    7   3765  10599  162    6  162 168.81 
15:18:44  29.9   0.0   0.1  70.0   0.0    7   3822  10604  157    6  157 168.23 
15:18:45  29.8   0.0   0.1  70.1   0.0    7   3586  10808  157    6  157 165.22 
15:18:46  29.8   0.0   0.2  70.0   0.0    2   3706  10389  152    6  152 167.32 
15:18:47  29.7   0.0   0.2  70.1   0.0    7   3723  10342  163    6  167 172.85 
15:18:48  29.9   0.0   0.1  70.0   0.0    7   2960  10029  156    6  152 169.70 
15:18:49  29.8   0.0   0.1  69.1   1.0    7   3511  10567  157    6  157 170.65 
15:18:50  28.3   0.0   0.1  71.6   0.0    7   3871  10367  149    8  149 158.67 
15:18:51  29.9   0.0   0.1  70.0   0.0    7   3500  10447  172    6  172 171.02 
15:18:52  29.7   0.0   0.2  70.2   0.0    7   3820  10736  172    6  172 171.13 
15:18:53  29.8   0.0   0.2  70.1   0.0    7   3179  10275  167    6  167 169.36 
15:18:54  29.9   0.0   0.1  70.1   0.0    7   3463  10503  167    6  167 169.48 
15:18:55  29.8   0.0   0.1  70.0   0.1    7   3116  10183  167    6  167 168.11 
15:18:56  29.8   0.0   0.2  70.0   0.0    7   3408  10097  167    6  167 170.84 
15:18:57  29.9   0.0   0.0  70.1   0.0    7   3414  10097  162    6  162 171.28 
  Time    User  Nice   Sys  Idle    IO  Run Ctxt/s  IRQ/s Fork Exec Exit  Watts
15:18:58  29.9   0.0   0.1  70.0   0.0    8   3265  10101  167    6  167 168.79 
15:18:59  29.8   0.0   0.2  70.0   0.0    7   2740  10054  162    6  162 169.38 
15:19:00  29.8   0.0   0.2  70.0   0.0    7   2691   9855  162    6  162 169.37 
15:19:01  29.9   0.0   0.1  69.9   0.1    7   2670   9866  162    6  162 169.67 
15:19:02  29.8   0.0   0.1  70.1   0.0    2   3260  10203  157    6  162 169.74 
15:19:03  28.4   0.0   0.1  71.5   0.0    7   3884  10576  164    8  159 164.51 
15:19:04  29.7   0.0   0.2  70.1   0.0    7   3494  10121  172    6  172 169.74 
15:19:05  29.8   0.0   0.2  70.0   0.0    7   3048  10138  172    6  172 171.88 
15:19:06  29.9   0.0   0.1  70.0   0.0    7   2925   9912  167    6  167 167.88 
15:19:07  29.8   0.0   0.2  69.9   0.1    7   3805  10467  167    6  167 168.68 
15:19:08  29.8   0.0   0.2  70.1   0.0    7   3390  10140  167    6  167 169.72 
15:19:09  29.9   0.0   0.1  70.0   0.0    7   2561  10079  162    6  162 167.14 
15:19:10  29.8   0.0   0.1  70.0   0.0    7   3016  10064  172    6  172 172.60 
15:19:11  29.8   0.0   0.1  70.1   0.0    7   3713  10348  162    6  162 168.76 
15:19:12  29.6   0.0   0.2  70.2   0.0    7   3316  10126  157    6  157 168.38 
15:19:13  29.9   0.0   0.2  69.8   0.2    7   3833  10395  162    6  162 170.89 
15:19:14  27.6   0.0   0.2  72.2   0.0    7   3235   9847  154    8  154 158.00 
15:19:15  29.9   0.0   0.1  70.0   0.0    7   3386  10317  172    6  172 169.14 
15:19:16  29.8   0.0   0.1  70.1   0.0    7   2866  10160  167    6  167 166.35 
15:19:17  29.9   0.0   0.1  70.0   0.0    3   3373  10579  167    6  172 169.76 
15:19:18  29.8   0.0   0.1  70.0   0.1    7   3277  10245  172    6  167 169.75 
15:19:19  29.8   0.0   0.2  70.1   0.0    7   3427  10251  167    6  167 169.02 
15:19:20  29.7   0.0   0.1  70.2   0.0    7   3172  10162  162    6  162 167.80 
  Time    User  Nice   Sys  Idle    IO  Run Ctxt/s  IRQ/s Fork Exec Exit  Watts
15:19:21  29.9   0.0   0.1  70.0   0.0    7   2626   9711  162    6  162 168.35 
15:19:22  29.8   0.0   0.1  70.1   0.0    7   3242  10142  162    6  162 168.52 
-------- ----- ----- ----- ----- ----- ---- ------ ------ ---- ---- ---- ------ 
 Average  29.5   0.0   0.1  70.2   0.1  6.9 3449.9 10223.9 164.1  6.1 164.1 169.17 
 GeoMean   0.0   0.0   0.0  70.2   0.0  6.8 3423.9 10181.1  0.0  0.0  0.0 168.65 
  StdDev   2.1   0.0   0.3   1.9   0.5  0.8  395.4  635.0 13.3  0.7 13.5   9.37 
-------- ----- ----- ----- ----- ----- ---- ------ ------ ---- ---- ---- ------ 
 Minimum   0.0   0.0   0.0  65.2   0.0  2.0  905.0 1820.0  0.0  0.0  0.0  45.50 
 Maximum  30.1   0.0   5.0  95.0   5.0  9.0 4595.0 11266.0 182.0  9.0 182.0 177.42 
-------- ----- ----- ----- ----- ----- ---- ------ ------ ---- ---- ---- ------ 
Summary:
CPU: 169.17 Watts on average with standard deviation 9.37  
Note: power read from RAPL domains: uncore, pkg-0, core.
These readings do not cover all the hardware in this device.
