Running for 600.0 seconds (600 samples at 1.0 second intervals).
Power measurements will start in 0 seconds time.

  Time    User  Nice   Sys  Idle    IO  Run Ctxt/s  IRQ/s Fork Exec Exit  Watts
14:56:44   0.5   0.0   4.6  94.9   0.0    3   3541   3245   16    6    4  48.03 
14:56:45  12.7   0.0   1.8  85.5   0.0    7   1351   4312    8    1    3 102.25 
14:56:46  30.0   0.0   0.0  66.9   3.1    7    428   7642   12    6   12 213.12 
14:56:47  29.9   0.0   0.1  69.8   0.1    7   1977   9263   82    6   82 181.70 
14:56:48  30.0   0.0   0.1  69.9   0.0    7   2235   9319   77    6   77 183.74 
14:56:49  29.9   0.0   0.1  70.0   0.0    7   1646   8660   82    6   82 183.87 
14:56:50  29.9   0.0   0.1  70.0   0.0    7   2029   8872   82    6   82 185.42 
14:56:51  29.9   0.0   0.1  70.0   0.0    7   1867   8801   77    6   77 183.21 
14:56:52  29.9   0.0   0.1  65.1   4.9    7   1957   9355   82    6   82 184.21 
14:56:53  30.0   0.0   0.1  69.5   0.5    7   1445   8818   77    6   77 183.65 
14:56:54  29.9   0.0   0.1  70.0   0.0    7   1649   8894   82    6   82 184.78 
14:56:55  29.9   0.0   0.1  70.0   0.0    7   1592   8831   77    6   77 184.98 
14:56:56  30.0   0.0   0.1  70.0   0.0    7   1253   8706   82    6   82 185.18 
14:56:57  30.0   0.0   0.1  67.2   2.8    7   1909   8978   77    6   77 187.33 
14:56:58  30.0   0.0   0.1  70.0   0.0    7   1974   8938   82    6   82 187.12 
14:56:59  29.9   0.0   0.1  70.0   0.0    7   1946   9256   77    6   77 187.12 
14:57:00  30.0   0.0   0.1  70.0   0.0    7   1878   9226   77    6   77 185.89 
14:57:01  29.9   0.0   0.1  70.0   0.0    7   1767   9334   82    6   82 186.52 
14:57:02  30.0   0.0   0.1  70.0   0.0    7   1663   9111   77    6   77 187.74 
14:57:03  29.9   0.0   0.1  69.8   0.2    7   2183   9404   77    6   77 185.85 
14:57:04  29.9   0.0   0.1  70.0   0.0    7   1872   9344   77    6   77 186.13 
14:57:05  30.0   0.0   0.1  70.0   0.0    7   1960   9131   82    6   82 187.53 
14:57:06  29.9   0.0   0.1  70.0   0.0    7   1836   8809   77    6   77 188.70 
  Time    User  Nice   Sys  Idle    IO  Run Ctxt/s  IRQ/s Fork Exec Exit  Watts
14:57:07  29.9   0.0   0.1  70.0   0.0    7   1298   8784   77    6   77 189.42 
14:57:08  30.0   0.0   0.1  70.0   0.0    7   1511   8799   77    6   77 189.95 
14:57:09  29.9   0.0   0.1  69.8   0.2    7   1522   8733   82    6   82 190.85 
14:57:10  30.0   0.0   0.1  70.0   0.0    7   1701   8780   77    6   77 189.07 
14:57:11  30.0   0.0   0.1  70.0   0.0    7   1556   8842   77    6   77 187.62 
14:57:12  30.0   0.0   0.1  70.0   0.0    7   1801   9049   77    6   77 187.86 
14:57:13  30.0   0.0   0.0  70.0   0.0    7   2143   9276   77    6   77 187.50 
14:57:14  30.0   0.0   0.1  67.7   2.2    7   1794   8953   77    6   77 186.40 
14:57:15  29.9   0.0   0.1  70.0   0.0    7   1856   9114   77    6   77 189.81 
14:57:16  29.9   0.0   0.1  70.0   0.0    7   2018   9174   77    6   77 189.09 
14:57:17  29.9   0.0   0.1  70.1   0.0    7   1226   8633   72    6   72 187.68 
14:57:18  29.9   0.0   0.1  70.0   0.0    7   1658   8915   77    6   77 186.99 
14:57:19  30.0   0.0   0.1  69.8   0.2    7   1838   9233   77    6   77 187.86 
14:57:20  29.9   0.0   0.1  70.0   0.0    7   1700   9064   77    6   77 189.70 
14:57:21  29.9   0.0   0.1  70.0   0.0    7   1424   8865   77    6   77 187.93 
14:57:22  30.0   0.0   0.1  69.9   0.0    7   1601   8852   72    6   72 190.50 
14:57:23  29.9   0.0   0.1  70.0   0.0    7   1584   8944   77    6   77 189.02 
14:57:24  30.0   0.0   0.1  70.0   0.0    7   1442   8673   77    6   77 191.02 
14:57:25  30.0   0.0   0.1  69.9   0.1    8   1953   8979   77    6   77 190.23 
14:57:26  30.0   0.0   0.1  70.0   0.0    7   1749   9088   72    6   72 190.34 
14:57:27  29.9   0.0   0.1  69.8   0.2    7   2020   9457   79    6   79 189.96 
14:57:28  30.0   0.0   0.1  70.0   0.0    7   1984   9158   77    6   77 190.12 
14:57:29  29.9   0.0   0.1  70.0   0.0    7   1733   8921   72    6   72 189.32 
  Time    User  Nice   Sys  Idle    IO  Run Ctxt/s  IRQ/s Fork Exec Exit  Watts
14:57:30  30.0   0.0   0.1  70.0   0.0    7   1985   9085   77    6   77 189.34 
14:57:31  30.0   0.0   0.1  70.0   0.0    7   1621   9006   72    6   72 190.46 
14:57:32  29.9   0.0   0.0  70.1   0.0    7   1421   8822   77    6   77 190.87 
14:57:33  30.0   0.0   0.1  69.8   0.1    7   1915   8991   77    6   77 191.66 
14:57:34  30.0   0.0   0.1  70.0   0.0    7   1824   8985   72    6   72 188.83 
14:57:35  29.9   0.0   0.1  70.0   0.0    7   1786   9209   72    6   72 190.38 
14:57:36  29.9   0.0   0.1  70.0   0.0    7   1794   9014   77    6   77 191.53 
14:57:37  29.9   0.0   0.1  70.0   0.0    7   1411   8948   72    6   72 190.29 
14:57:38  30.0   0.0   0.1  70.0   0.0    7   1636   8992   77    6   77 190.57 
14:57:39  29.9   0.0   0.2  69.9   0.1    7   2023   9085   72    6   72 191.52 
14:57:40  29.9   0.0   0.1  70.0   0.0   10   1979   9295   76    6   77 191.13 
14:57:41  30.0   0.0   0.1  70.0   0.0    7   1571   8949   73    6   72 192.60 
14:57:42  30.0   0.0   0.1  70.0   0.0    7   1704   9059   72    6   72 192.81 
14:57:43  30.0   0.0   0.1  70.0   0.0    7   1670   8983   77    6   77 192.18 
14:57:44  30.0   0.0   0.1  70.0   0.0    7   1384   8839   72    6   72 190.63 
14:57:45  29.9   0.0   0.1  69.9   0.1    7   1971   9125   77    6   77 191.38 
14:57:46  30.0   0.0   0.1  70.0   0.0    7   1441   8879   72    6   72 190.23 
14:57:47  29.9   0.0   0.1  69.9   0.0    7   1568   8954   72    6   72 191.84 
14:57:48  30.0   0.0   0.1  70.0   0.0    7   1565   8856   72    6   72 187.51 
14:57:49  30.0   0.0   0.1  70.0   0.0    7   1718   8858   72    6   72 192.33 
14:57:50  29.3   0.0   0.1  70.3   0.3    7   2526   9479   79    8   79 187.91 
14:57:51  30.0   0.0   0.1  70.0   0.0    7   1878   9148   77    6   77 192.40 
14:57:52  29.9   0.0   0.1  70.0   0.0    7   1889   8857   82    6   82 191.06 
  Time    User  Nice   Sys  Idle    IO  Run Ctxt/s  IRQ/s Fork Exec Exit  Watts
14:57:53  29.9   0.0   0.1  70.0   0.0    7   1974   8951   82    6   82 191.70 
14:57:54  29.9   0.0   0.0  70.1   0.0    7   1678   8756   77    6   77 191.72 
14:57:55  29.9   0.0   0.1  70.0   0.0    7   2013   9060   82    6   82 191.63 
14:57:56  30.0   0.0   0.1  69.8   0.1    7   1942   8821   77    6   77 191.53 
14:57:57  30.0   0.0   0.1  70.0   0.0    7   1826   8695   82    6   82 192.46 
14:57:58  29.9   0.0   0.1  70.0   0.1    7   2032   8883   82    6   82 192.22 
14:57:59  30.0   0.0   0.1  70.0   0.0    7   1822   8958   77    6   77 190.37 
14:58:00  29.9   0.0   0.1  70.0   0.0    7   2179   9225   82    6   82 192.79 
14:58:01  29.9   0.0   0.1  70.0   0.0    7   2020   8881   77    6   77 191.44 
14:58:02  30.0   0.0   0.0  69.8   0.2    7   1816   9017   77    6   77 192.62 
14:58:03  29.9   0.0   0.1  70.1   0.0    7   1979   8924   82    6   82 189.98 
14:58:04  29.9   0.0   0.1  70.0   0.0    7   1267   8738   77    6   77 190.00 
14:58:05  30.0   0.0   0.1  70.0   0.0    8   1482   8591   77    6   77 192.44 
14:58:06  29.9   0.0   0.1  70.1   0.0    7   1994   8931   82    6   82 192.27 
14:58:07  29.9   0.0   0.1  70.0   0.0    7   1830   9128   77    6   77 189.21 
14:58:08  29.9   0.0   0.1  69.9   0.1    7   1957   9084   77    6   77 190.05 
14:58:09  30.0   0.0   0.0  70.0   0.0    7   1554   8857   77    6   77 192.15 
14:58:10  30.0   0.0   0.1  70.0   0.0    7   1839   8965   82    6   82 192.10 
14:58:11  29.9   0.0   0.1  70.0   0.0    7   1514   8639   77    6   77 191.40 
14:58:12  30.0   0.0   0.1  70.0   0.0    7   1453   8608   77    6   77 191.11 
14:58:13  29.9   0.0   0.1  70.0   0.0    7   1587   8791   77    6   77 191.58 
14:58:14  29.9   0.0   0.1  69.9   0.1    7   1713   8775   77    6   77 192.78 
14:58:15  30.0   0.0   0.1  70.0   0.0    7   1816   8940   77    6   77 192.41 
  Time    User  Nice   Sys  Idle    IO  Run Ctxt/s  IRQ/s Fork Exec Exit  Watts
14:58:16  29.9   0.0   0.1  70.0   0.0    7   1571   8898   77    6   77 191.31 
14:58:17  29.9   0.0   0.1  70.1   0.0    7   1635   8784   77    6   77 191.19 
14:58:18  30.0   0.0   0.1  70.0   0.0    7   2142   8974   77    6   77 193.28 
14:58:19  29.9   0.0   0.1  70.0   0.0    7   1997   8836   82    6   82 193.50 
14:58:20  29.9   0.0   0.1  69.8   0.1    7   1699   8775   72    6   72 190.95 
14:58:21  29.9   0.0   0.1  70.0   0.0    7   1739   8941   77    6   77 191.11 
14:58:22  29.9   0.0   0.1  70.1   0.0    7   1563   8784   77    6   77 190.07 
14:58:23  30.0   0.0   0.1  70.0   0.0    7   2187   9222   77    6   77 190.14 
14:58:24  30.0   0.0   0.1  70.0   0.0    7   1890   9068   77    6   77 191.97 
14:58:25  30.1   0.0   0.1  69.9   0.0    7   1800   8906   77    6   77 191.37 
14:58:26  29.9   0.0   0.1  69.9   0.1    7   1316   8440   72    6   72 189.94 
14:58:27  29.9   0.0   0.1  70.0   0.0    7   1493   8866   77    6   77 189.76 
14:58:28  29.9   0.0   0.1  70.0   0.0    7   1911   8945   77    6   77 191.70 
14:58:29  30.0   0.0   0.1  70.0   0.0    7   1318   8849   77    6   77 191.10 
14:58:30  30.0   0.0   0.1  70.0   0.0    7   1828   9055   72    6   72 189.89 
14:58:31  29.9   0.0   0.1  70.0   0.0    7   2186   9146   77    6   77 193.13 
14:58:32  30.0   0.0   0.1  69.9   0.1    7   1620   8771   77    6   77 190.86 
14:58:33  29.9   0.0   0.1  70.0   0.0    7   2202   9048   72    6   72 191.39 
14:58:34  30.0   0.0   0.1  70.0   0.0    7   1859   8782   77    6   77 191.63 
14:58:35  29.9   0.0   0.1  70.1   0.0    7   2006   8992   72    6   72 191.76 
14:58:36  29.9   0.0   0.1  70.0   0.0    7   1783   8753   77    6   77 191.04 
14:58:37  30.0   0.0   0.1  70.0   0.0    7   1484   8510   72    6   72 192.36 
14:58:38  30.0   0.0   0.0  69.8   0.2    7   1940   8958   77    6   77 191.93 
  Time    User  Nice   Sys  Idle    IO  Run Ctxt/s  IRQ/s Fork Exec Exit  Watts
14:58:39  29.9   0.0   0.1  70.0   0.0    7   1325   8520   77    6   77 190.69 
14:58:40  29.9   0.0   0.1  70.0   0.0    7   1266   8639   72    6   72 188.77 
14:58:41  30.0   0.0   0.1  70.0   0.0    7   1352   8621   72    6   72 190.75 
14:58:42  29.9   0.0   0.1  70.0   0.0    7   1197   8678   77    6   77 189.19 
14:58:43  29.9   0.0   0.1  70.1   0.0    7   1303   8461   72    6   72 191.92 
14:58:44  29.9   0.0   0.1  69.8   0.1    7   1704   8958   72    6   72 190.85 
14:58:45  30.0   0.0   0.1  70.0   0.0    7   1410   8665   77    6   77 190.09 
14:58:46  30.0   0.0   0.1  70.0   0.0    7   1667   8742   72    6   72 189.80 
14:58:47  29.9   0.0   0.1  70.0   0.0    7   1548   8772   72    6   72 190.18 
14:58:48  30.0   0.0   0.1  70.0   0.0    7   1986   9056   72    6   72 190.35 
14:58:49  30.0   0.0   0.1  70.0   0.0    7   1751   8860   77    6   77 192.20 
14:58:50  29.9   0.0   0.1  68.9   1.1    7   1695   8783   72    6   72 192.65 
14:58:51  30.0   0.0   0.1  69.8   0.2    7   1617   8780   72    6   72 191.07 
14:58:52  29.9   0.0   0.1  70.0   0.0    7   1612   8817   77    6   77 191.08 
14:58:53  29.9   0.0   0.1  70.0   0.0    7   1528   8720   72    6   72 189.84 
14:58:54  29.5   0.0   0.1  70.5   0.0    7   2189   9276   79    8   79 189.34 
14:58:55  29.9   0.0   0.2  70.0   0.0    7   1970   9059   77    6   77 190.41 
14:58:56  29.9   0.0   0.1  69.9   0.1    7   2420   9245   82    6   82 192.52 
14:58:57  29.9   0.0   0.1  70.0   0.0    7   2111   9166   77    6   77 190.86 
14:58:58  29.9   0.0   0.1  70.0   0.0    7   2365   9370   82    6   82 191.21 
14:58:59  29.9   0.0   0.1  70.0   0.0    7   1744   8846   82    6   82 192.04 
14:59:00  30.0   0.0   0.1  70.0   0.0    7   2184   9181   77    6   77 192.65 
14:59:01  29.9   0.0   0.1  70.0   0.0    7   2014   9059   82    6   82 193.23 
  Time    User  Nice   Sys  Idle    IO  Run Ctxt/s  IRQ/s Fork Exec Exit  Watts
14:59:02  29.9   0.0   0.1  69.9   0.1    7   2260   9184   77    6   77 192.27 
14:59:03  29.9   0.0   0.1  70.0   0.0    7   1677   8891   82    6   82 192.61 
14:59:04  29.9   0.0   0.1  70.1   0.0    7   1861   8766   77    6   77 192.61 
14:59:05  29.9   0.0   0.1  70.0   0.0    7   2116   9209   82    6   82 192.34 
14:59:06  29.9   0.0   0.1  70.0   0.0    7   2142   9103   77    6   77 191.16 
14:59:07  29.9   0.0   0.1  70.0   0.0    7   1933   8877   77    6   77 193.28 
14:59:08  29.9   0.0   0.1  70.0   0.1    7   1730   8835   82    6   82 191.61 
14:59:09  29.9   0.0   0.1  70.0   0.0    7   2053   9115   77    6   77 190.03 
14:59:10  30.0   0.0   0.1  70.0   0.0    7   1709   8971   77    6   77 189.99 
14:59:11  30.0   0.0   0.1  70.0   0.0    7   2135   9373   77    6   77 192.42 
14:59:12  30.0   0.0   0.1  69.9   0.0    7   1760   8721   82    6   82 193.00 
14:59:13  29.9   0.0   0.1  70.0   0.0    7   1790   8941   77    6   77 191.73 
14:59:14  29.9   0.0   0.1  69.9   0.1    7   1774   9017   77    6   77 192.45 
14:59:15  30.0   0.0   0.1  69.9   0.0    7   1939   9059   77    6   77 191.15 
14:59:16  29.9   0.0   0.1  70.0   0.0    7   1451   8679   77    6   77 192.80 
14:59:17  29.9   0.0   0.1  70.0   0.0    4   1245   8551   77    6   78 191.05 
14:59:18  29.9   0.0   0.1  70.0   0.0    7   1821   8980   82    6   81 190.91 
14:59:19  29.9   0.0   0.1  70.0   0.0    7   2179   9186   77    6   77 191.81 
14:59:20  29.9   0.0   0.1  69.9   0.1    7   1583   9003   72    6   72 189.12 
14:59:21  29.9   0.0   0.1  70.0   0.0    7   1299   8726   77    6   77 191.93 
14:59:22  29.9   0.0   0.1  70.0   0.0    7   1339   8896   77    6   77 191.36 
14:59:23  30.0   0.0   0.1  70.0   0.0    7   1700   8965   77    6   77 191.65 
14:59:24  29.8   0.0   0.2  70.0   0.0    7   1742   8822   77    6   77 189.19 
  Time    User  Nice   Sys  Idle    IO  Run Ctxt/s  IRQ/s Fork Exec Exit  Watts
14:59:25  30.0   0.0   0.0  70.0   0.0    9    984   8176   70    0   70 192.53 
14:59:26  29.9   0.0   0.1  70.0   0.0    7   1280   8479   77    6   77 191.33 
14:59:27  30.0   0.0   0.1  69.9   0.1    7   1749   8922   77    6   77 188.85 
14:59:28  30.0   0.0   0.1  70.0   0.0    7   2177   9141   77    6   77 192.03 
14:59:29  30.0   0.0   0.0  70.0   0.0    7   1498   8760   77    6   77 193.40 
14:59:30  30.0   0.0   0.1  70.0   0.0    7   1663   8859   72    6   72 189.55 
14:59:31  29.9   0.0   0.1  70.0   0.0    7   1937   9111   77    6   77 190.75 
14:59:32  29.8   0.0   0.2  70.0   0.0    7   1898   9103   77    6   77 191.88 
14:59:33  29.8   0.0   0.2  69.9   0.1    7   1368   8594   77    6   77 191.71 
14:59:34  29.9   0.0   0.1  70.0   0.0    7   1779   8767   72    6   72 191.68 
14:59:35  30.0   0.0   0.1  70.0   0.0    7   1924   9160   77    6   77 191.43 
14:59:36  29.9   0.0   0.1  70.0   0.0    7   1999   8858   77    6   77 191.28 
14:59:37  29.9   0.0   0.1  70.0   0.0    7   1353   8678   72    6   72 190.35 
14:59:38  30.0   0.0   0.1  70.0   0.0    7   1669   8859   77    6   77 190.50 
14:59:39  30.0   0.0   0.1  69.9   0.1    7   1583   8679   72    6   72 190.86 
14:59:40  29.9   0.0   0.1  70.0   0.0    7   1695   8943   77    6   77 191.09 
14:59:41  30.0   0.0   0.1  70.0   0.0    7   1418   8849   72    6   72 190.12 
14:59:42  30.0   0.0   0.1  70.0   0.0    7   1463   9025   77    6   77 191.57 
14:59:43  30.0   0.0   0.0  70.0   0.0    7   1733   8896   72    6   72 192.01 
14:59:44  29.9   0.0   0.1  69.9   0.2    7   1937   9000   77    6   77 191.83 
14:59:45  30.0   0.0   0.1  69.9   0.0    7   1635   8763   72    6   72 190.85 
14:59:46  29.9   0.0   0.1  70.0   0.0    7   1953   9138   77    6   77 191.21 
14:59:47  30.0   0.0   0.1  70.0   0.0    7   1767   8952   72    6   72 191.15 
  Time    User  Nice   Sys  Idle    IO  Run Ctxt/s  IRQ/s Fork Exec Exit  Watts
14:59:48  29.9   0.0   0.1  70.0   0.0    7   1885   9015   72    6   72 190.75 
14:59:49  30.0   0.0   0.1  69.9   0.0    7   1767   8996   77    6   77 191.10 
14:59:50  29.9   0.0   0.1  69.9   0.1    7   1926   9164   72    6   72 189.89 
14:59:51  29.9   0.0   0.1  70.0   0.0    7   1865   9119   72    6   72 190.85 
14:59:52  29.9   0.0   0.1  70.0   0.0    7   1972   9055   72    6   73 191.43 
14:59:53  30.0   0.0   0.1  70.0   0.0    7   1770   8934   77    6   77 191.77 
14:59:54  29.9   0.0   0.1  70.0   0.0    7   1176   8803   72    6   72 189.22 
14:59:55  30.0   0.0   0.1  70.0   0.0    7   1641   8762   72    6   72 191.31 
14:59:56  30.0   0.0   0.1  69.9   0.1    7   1258   8425   77    6   77 192.05 
14:59:57  29.4   0.0   0.1  70.6   0.0    7   2260   9134   79    8   79 188.65 
14:59:58  30.0   0.0   0.1  70.0   0.0    7   1493   8797   77    6   77 190.11 
14:59:59  30.0   0.0   0.1  70.0   0.0    7   1602   8816   82    6   82 193.16 
15:00:00  30.0   0.0   0.1  70.0   0.0    7   1328   8859   83    6   82 191.65 
15:00:01  29.9   0.0   0.1  70.0   0.0    7   1385   8783   82    6   82 192.67 
15:00:02  29.9   0.0   0.1  69.8   0.1    7   1568   8772   77    6   77 192.71 
15:00:03  29.9   0.0   0.1  70.0   0.0    7   2040   9189   82    6   82 192.02 
15:00:04  29.9   0.0   0.1  70.0   0.0    7   2082   9237   77    6   77 193.02 
15:00:05  29.9   0.0   0.1  70.0   0.0    8   1699   8883   82    6   82 192.49 
15:00:06  30.0   0.0   0.0  69.9   0.0    7   1828   8995   77    6   77 191.60 
15:00:07  29.9   0.0   0.1  70.0   0.0    7   1843   9015   82    6   82 191.68 
15:00:08  30.0   0.0   0.1  69.8   0.1    7   2173   9003   77    6   77 192.52 
15:00:09  29.9   0.0   0.1  70.0   0.0    7   2091   8942   82    6   82 191.11 
15:00:10  30.0   0.0   0.1  70.0   0.0    7   1870   8765   77    6   77 189.97 
  Time    User  Nice   Sys  Idle    IO  Run Ctxt/s  IRQ/s Fork Exec Exit  Watts
15:00:11  29.9   0.0   0.1  70.0   0.0    7   1611   8834   77    6   77 191.22 
15:00:12  29.9   0.0   0.1  70.0   0.0    7   2024   9126   82    6   82 191.96 
15:00:13  29.9   0.0   0.1  70.0   0.0    7   1532   8824   77    6   77 190.74 
15:00:14  30.0   0.0   0.1  69.9   0.1    7   1630   8866   77    6   77 191.65 
15:00:15  30.0   0.0   0.1  69.9   0.0    7   2045   9052   77    6   77 192.21 
15:00:16  29.9   0.0   0.1  70.0   0.0    7   1863   8794   77    6   77 192.12 
15:00:17  30.0   0.0   0.1  70.0   0.0    7   1595   8809   82    6   82 190.64 
15:00:18  30.0   0.0   0.1  69.7   0.2    7   1819   8973   81    9   79 190.88 
15:00:19  29.9   0.0   0.1  70.0   0.0    7   1817   9134   77    6   77 191.17 
15:00:20  30.0   0.0   0.1  69.9   0.0    7   1966   8945   77    6   77 190.29 
15:00:21  29.9   0.0   0.1  70.1   0.0    7   1783   8788   77    6   77 190.27 
15:00:22  29.9   0.0   0.1  70.0   0.0    7   1309   8690   77    6   77 192.43 
15:00:23  29.9   0.0   0.1  69.9   0.2    7   1480   8736   77    6   77 191.57 
15:00:24  30.0   0.0   0.1  70.0   0.0    7   1712   8837   77    6   77 190.61 
15:00:25  29.9   0.0   0.2  70.0   0.0    7   1672   8958   77    6   77 191.60 
15:00:26  29.9   0.0   0.1  70.0   0.0    7   1588   8676   77    6   77 191.74 
15:00:27  30.0   0.0   0.1  70.0   0.0    7   1734   8935   77    6   77 190.00 
15:00:28  30.1   0.0   0.1  69.8   0.1    7   1685   9086   77    6   77 189.97 
15:00:29  30.0   0.0   0.1  69.6   0.4    7   1587   8992   72    6   72 189.14 
15:00:30  30.1   0.0   0.1  67.2   2.7    7   3410  10191   77    6   77 191.52 
15:00:31  29.9   0.0   0.1  70.0   0.0    7   1709   9004   77    6   77 190.72 
15:00:32  30.0   0.0   0.0  70.0   0.0    7   1991   9030   77    6   77 192.71 
15:00:33  29.9   0.0   0.1  70.0   0.0    7   2035   9139   72    6   72 189.33 
  Time    User  Nice   Sys  Idle    IO  Run Ctxt/s  IRQ/s Fork Exec Exit  Watts
15:00:34  29.9   0.0   0.1  70.0   0.0    7   1286   8452   77    6   77 192.01 
15:00:35  29.9   0.0   0.1  70.0   0.0    7   1555   8639   77    6   77 192.09 
15:00:36  30.0   0.0   0.1  69.8   0.1    8   1828   8969   77    6   77 191.36 
15:00:37  30.0   0.0   0.1  70.0   0.0    7   2090   9161   72    6   72 192.36 
15:00:38  29.9   0.0   0.1  70.0   0.0    7   1740   8743   77    6   77 188.81 
15:00:39  29.9   0.0   0.1  70.0   0.0    7   1687   8855   72    6   72 188.72 
15:00:40  30.0   0.0   0.1  69.9   0.0    7   1669   8869   77    6   77 191.60 
15:00:41  29.9   0.0   0.1  70.0   0.0    7   1521   8830   77    6   77 191.82 
15:00:42  29.9   0.0   0.1  67.8   2.2    7   1741   8800   72    6   72 192.06 
15:00:43  29.9   0.0   0.1  70.0   0.0    7   1895   8968   77    6   77 190.20 
15:00:44  29.9   0.0   0.1  70.0   0.0    7   1472   8813   72    6   72 192.00 
15:00:45  30.0   0.0   0.1  70.0   0.0    7   1779   9108   78    6   77 191.17 
15:00:46  29.9   0.0   0.1  70.0   0.0    7   1744   8955   72    6   72 190.35 
15:00:47  30.0   0.0   0.1  70.0   0.0    7   1822   8969   73    6   77 187.73 
15:00:48  29.9   0.0   0.1  69.9   0.2    7   1596   8928   76    6   72 190.12 
15:00:49  29.9   0.0   0.1  70.0   0.0    7   1290   8598   72    6   72 190.30 
15:00:50  29.9   0.0   0.1  70.0   0.0    7   1391   8747   77    6   77 190.75 
15:00:51  29.9   0.0   0.1  70.0   0.0    7   1484   8523   72    6   72 191.25 
15:00:52  30.0   0.0   0.1  70.0   0.0    7   1528   8845   72    6   72 191.04 
15:00:53  30.0   0.0   0.1  69.8   0.1    7   1531   8716   77    6   77 189.52 
15:00:54  29.9   0.0   0.1  70.0   0.0    7   1384   8526   72    6   72 191.11 
15:00:55  29.9   0.0   0.1  70.0   0.0    7   1782   8892   72    6   72 190.86 
15:00:56  30.0   0.0   0.1  70.0   0.0    7   1724   8870   72    6   72 190.57 
  Time    User  Nice   Sys  Idle    IO  Run Ctxt/s  IRQ/s Fork Exec Exit  Watts
15:00:57  29.9   0.0   0.1  70.1   0.0    8   2139   9267   77    6   78 189.93 
15:00:58  30.0   0.0   0.1  70.0   0.0    7   1634   8763   72    6   72 191.21 
15:00:59  29.5   0.0   0.1  70.3   0.1    7   2107   9037   74    8   74 188.74 
15:01:00  30.0   0.0   0.1  70.0   0.0    7   2014   8928   82    6   82 191.60 
15:01:01  29.9   0.0   0.1  70.0   0.0    7   1824   9016   82    6   82 192.41 
15:01:02  30.0   0.0   0.1  70.0   0.0    7   2001   9053   77    6   77 191.56 
15:01:03  29.9   0.0   0.1  70.0   0.0    7   1868   8942   82    6   82 191.75 
15:01:04  29.9   0.0   0.1  70.0   0.0    7   1441   8853   77    6   77 191.74 
15:01:05  30.0   0.0   0.1  69.9   0.1    7   1376   8566   82    6   82 192.75 
15:01:06  29.9   0.0   0.1  70.1   0.0    7   1872   8908   82    6   82 190.27 
15:01:07  29.9   0.0   0.1  70.0   0.0    7   1683   8853   77    6   77 192.82 
15:01:08  29.9   0.0   0.1  70.1   0.0    7   1854   8970   82    6   82 192.14 
15:01:09  29.9   0.0   0.1  70.0   0.0    7   1638   8660   77    6   77 191.92 
15:01:10  30.0   0.0   0.1  69.9   0.0    8   2159   9258   82    6   83 191.07 
15:01:11  29.9   0.0   0.1  69.9   0.1    7   2090   9154   77    6   77 191.70 
15:01:12  29.9   0.0   0.1  70.0   0.0    7   1483   8777   77    6   77 190.66 
15:01:13  29.9   0.0   0.1  70.0   0.0    7   1446   8633   82    6   82 190.66 
15:01:14  29.9   0.0   0.1  70.0   0.0    7   1693   8675   77    6   77 192.09 
15:01:15  29.9   0.0   0.1  70.0   0.0    7   1685   8814   77    6   77 192.30 
15:01:16  29.9   0.0   0.1  70.0   0.0    7   1979   8963   82    6   82 190.11 
15:01:17  29.9   0.0   0.1  69.8   0.2    7   1692   8956   77    6   77 191.16 
15:01:18  29.9   0.0   0.1  70.0   0.0    7   1617   8802   77    6   77 190.02 
15:01:19  29.9   0.0   0.1  70.0   0.0    7   2074   9395   77    6   77 190.23 
  Time    User  Nice   Sys  Idle    IO  Run Ctxt/s  IRQ/s Fork Exec Exit  Watts
15:01:20  30.0   0.0   0.1  70.0   0.0    7   2044   9063   77    6   77 190.96 
15:01:21  30.0   0.0   0.1  70.0   0.0    7   1893   8942   77    6   77 190.64 
15:01:22  29.9   0.0   0.1  70.0   0.0    7   2292   9295   77    6   77 191.48 
15:01:23  29.9   0.0   0.1  69.9   0.2    7   1999   9059   77    6   77 191.70 
15:01:24  29.9   0.0   0.1  70.0   0.0    7   1668   9051   82    6   82 191.93 
15:01:25  29.9   0.0   0.1  70.0   0.0    7   1993   9039   77    6   77 190.95 
15:01:26  29.9   0.0   0.1  70.0   0.0    7   1968   9082   77    6   77 190.73 
15:01:27  30.0   0.0   0.1  70.0   0.0    7   1908   9070   72    6   72 192.23 
15:01:28  29.9   0.0   0.1  70.0   0.0    7   2079   8909   82    6   82 192.51 
15:01:29  30.0   0.0   0.1  69.9   0.1    7   1980   8837   72    6   72 191.44 
15:01:30  29.9   0.0   0.1  70.0   0.1    7   2235   8971   77    6   80 191.91 
15:01:31  29.9   0.0   0.1  70.0   0.0    7   1660   8748   77    6   77 191.62 
15:01:32  29.9   0.0   0.1  70.0   0.0    7   1662   8770   77    6   77 190.04 
15:01:33  29.9   0.0   0.1  70.0   0.0    7   2108   8844   77    6   77 190.91 
15:01:34  29.9   0.0   0.1  70.0   0.0    7   1890   8804   77    6   77 190.27 
15:01:35  30.0   0.0   0.1  69.8   0.1    7   1554   8689   77    6   77 192.73 
15:01:36  30.0   0.0   0.1  70.0   0.0    7   1258   8686   72    6   72 190.16 
15:01:37  29.9   0.0   0.1  70.0   0.0    7   1263   8510   77    6   77 190.26 
15:01:38  30.0   0.0   0.1  70.0   0.0    7   1685   8792   77    6   77 190.94 
15:01:39  30.0   0.0   0.1  70.0   0.0    7   1831   8846   72    6   72 191.61 
15:01:40  30.0   0.0   0.0  69.9   0.1    7   1339   8680   77    6   77 190.93 
15:01:41  29.9   0.0   0.1  70.0   0.0    7   1774   8859   77    6   77 190.79 
15:01:42  30.0   0.0   0.0  70.0   0.0    7   1672   8682   72    6   72 190.31 
  Time    User  Nice   Sys  Idle    IO  Run Ctxt/s  IRQ/s Fork Exec Exit  Watts
15:01:43  29.9   0.0   0.1  70.1   0.0    7   1633   8660   77    6   77 190.73 
15:01:44  30.0   0.0   0.1  70.0   0.0    7   1916   8801   72    6   72 192.57 
15:01:45  29.9   0.0   0.1  70.0   0.0    7   1950   8947   77    6   77 189.89 
15:01:46  29.9   0.0   0.1  69.9   0.1    7   1518   8708   72    6   72 190.02 
15:01:47  29.9   0.0   0.1  70.0   0.0    7   1780   8655   77    6   77 191.01 
15:01:48  30.0   0.0   0.1  70.0   0.0    7   1514   8969   72    6   72 190.71 
15:01:49  29.9   0.0   0.1  70.0   0.0    7   1434   8725   77    6   77 189.30 
15:01:50  29.9   0.0   0.1  70.0   0.0    7   1880   9019   72    6   72 192.08 
15:01:51  30.0   0.0   0.0  70.0   0.0    7   1671   8862   77    6   77 192.16 
15:01:52  30.0   0.0   0.1  69.8   0.1    7   1681   8733   72    6   72 191.31 
15:01:53  29.9   0.0   0.1  70.0   0.0    7   1875   9055   77    6   77 191.11 
15:01:54  30.0   0.0   0.1  70.0   0.0    7   1521   8722   72    6   72 189.70 
15:01:55  29.9   0.0   0.1  70.0   0.0    7   1705   8659   72    6   72 191.52 
15:01:56  30.0   0.0   0.1  70.0   0.0    7   1984   9172   77    6   77 191.54 
15:01:57  29.9   0.0   0.1  70.0   0.0    7   1920   9026   72    6   72 190.40 
15:01:58  30.0   0.0   0.0  69.9   0.1    7   2101   9021   72    6   72 191.62 
15:01:59  29.9   0.0   0.1  70.0   0.0    7   1633   8814   72    6   72 190.71 
15:02:00  30.0   0.0   0.1  70.0   0.0    7   1908   9264   77    6   77 190.01 
15:02:01  30.0   0.0   0.1  70.0   0.0    7   1766   9055   72    6   72 191.39 
15:02:02  30.0   0.0   0.0  70.0   0.0    7   1786   8929   72    6   72 191.51 
15:02:03  30.0   0.0   0.1  70.0   0.0    7   1620   8845   72    6   72 192.34 
15:02:04  29.4   0.0   0.1  70.3   0.3    7   2237   9121   79    8   79 188.02 
15:02:05  29.9   0.0   0.1  70.0   0.0   11   2050   9134   80    1   77 191.50 
  Time    User  Nice   Sys  Idle    IO  Run Ctxt/s  IRQ/s Fork Exec Exit  Watts
15:02:06  29.9   0.0   0.1  70.0   0.0    7   1949   9170   72    5   75 191.49 
15:02:07  30.0   0.0   0.1  70.0   0.0    7   1965   9035   82    6   82 193.19 
15:02:08  29.9   0.0   0.1  70.0   0.0    7   1412   8903   82    6   82 191.35 
15:02:09  29.9   0.0   0.1  70.0   0.0    7   1246   8578   77    6   77 190.65 
15:02:10  29.9   0.0   0.1  69.9   0.1    7   1494   8656   82    6   82 191.61 
15:02:11  29.9   0.0   0.1  70.0   0.0    7   1196   8499   77    6   77 192.00 
15:02:12  30.0   0.0   0.1  70.0   0.0    7   1272   8262   82    6   82 191.50 
15:02:13  30.0   0.0   0.1  70.0   0.0    7   1996   9009   77    6   77 191.01 
15:02:14  29.9   0.0   0.1  70.0   0.0    7   1737   9017   82    6   82 189.65 
15:02:15  29.9   0.0   0.1  70.0   0.0    7   1880   8973   78    6   77 192.34 
15:02:16  29.9   0.0   0.1  69.9   0.1    7   1805   8885   77    6   77 190.47 
15:02:17  30.0   0.0   0.0  70.0   0.0    7   2043   9081   82    6   82 190.49 
15:02:18  29.9   0.0   0.1  70.0   0.0    7   1963   9186   77    6   77 190.29 
15:02:19  30.0   0.0   0.1  70.0   0.0    7   1449   8895   77    6   77 191.53 
15:02:20  30.0   0.0   0.1  70.0   0.0    7   1805   9074   77    6   77 189.84 
15:02:21  29.9   0.0   0.1  70.0   0.0    7   1583   8869   77    6   77 189.86 
15:02:22  29.9   0.0   0.1  70.0   0.1    7   1817   9015   82    6   82 190.18 
15:02:23  30.0   0.0   0.0  70.0   0.0    7   1629   8903   77    6   77 191.83 
15:02:24  29.9   0.0   0.1  70.0   0.0    7   1443   8823   77    6   77 190.69 
15:02:25  29.9   0.0   0.1  70.0   0.0    7   1342   8646   77    6   77 192.39 
15:02:26  29.9   0.0   0.1  70.0   0.0    7   1504   8847   77    6   77 189.43 
15:02:27  29.9   0.0   0.1  70.0   0.0    7   1249   8713   77    6   77 190.49 
15:02:28  29.9   0.0   0.1  69.8   0.1    7   1439   8781   77    6   77 189.00 
  Time    User  Nice   Sys  Idle    IO  Run Ctxt/s  IRQ/s Fork Exec Exit  Watts
15:02:29  29.9   0.0   0.1  70.0   0.0    8   1665   9017   77    6   77 190.04 
15:02:30  30.0   0.0   0.1  69.9   0.0    7   1603   9070   77    6   77 190.11 
15:02:31  30.0   0.0   0.1  70.0   0.0    7   1585   9066   77    6   77 189.54 
15:02:32  30.0   0.0   0.1  70.0   0.0    7   1682   8998   77    6   77 190.93 
15:02:33  29.9   0.0   0.1  70.0   0.0    7   1345   8660   77    6   77 191.46 
15:02:34  29.9   0.0   0.1  69.8   0.2    7   1321   8735   77    6   77 192.64 
15:02:35  29.9   0.0   0.1  70.0   0.0    7   1531   8943   77    6   77 191.81 
15:02:36  29.9   0.0   0.1  70.0   0.0    7   1281   8478   77    6   77 191.87 
15:02:37  30.0   0.0   0.1  70.0   0.0    7   1732   9079   77    6   77 191.20 
15:02:38  30.0   0.0   0.1  70.0   0.0    7   2103   9199   77    6   77 191.48 
15:02:39  29.9   0.0   0.1  70.1   0.0    7   1949   9071   72    6   72 192.07 
15:02:40  29.9   0.0   0.1  69.9   0.2    7   1996   9021   77    6   77 189.22 
15:02:41  29.9   0.0   0.1  70.0   0.0    7   1518   8590   77    6   77 190.23 
15:02:42  30.0   0.0   0.1  70.0   0.0    7   1331   8629   77    6   77 191.13 
15:02:43  29.9   0.0   0.1  70.0   0.0    7   1358   8730   72    6   72 191.57 
15:02:44  29.9   0.0   0.1  70.0   0.0    7   1223   8430   77    6   77 191.45 
15:02:45  30.0   0.0   0.1  70.0   0.0    7   1630   8752   77    6   77 189.15 
15:02:46  29.9   0.0   0.1  69.9   0.1    7   1990   8916   72    6   72 191.43 
15:02:47  30.0   0.0   0.1  70.0   0.0    7   1915   8847   77    6   77 189.70 
15:02:48  29.9   0.0   0.1  70.0   0.0    7   1745   8787   72    6   72 190.74 
15:02:49  29.9   0.0   0.1  70.0   0.0    7   1809   8896   77    6   77 190.31 
15:02:50  29.9   0.0   0.1  69.8   0.2    7   1380   8637   74    6   74 189.53 
15:02:51  29.9   0.0   0.1  70.0   0.0    7   1342   8747   77    6   77 188.57 
  Time    User  Nice   Sys  Idle    IO  Run Ctxt/s  IRQ/s Fork Exec Exit  Watts
15:02:52  29.9   0.0   0.1  70.0   0.0    7   1153   8427   72    6   72 191.88 
15:02:53  29.9   0.0   0.1  70.0   0.0    7   1663   8875   77    6   77 190.42 
15:02:54  30.0   0.0   0.1  70.0   0.0    7   1733   9008   72    6   72 189.88 
15:02:55  29.9   0.0   0.1  70.0   0.0    7   1245   8437   77    6   77 191.02 
15:02:56  30.0   0.0   0.0  69.7   0.2    7   1124   8451   72    6   72 191.97 
15:02:57  29.9   0.0   0.1  70.1   0.0    7   1175   8478   77    6   77 190.74 
15:02:58  30.0   0.0   0.1  69.9   0.0    7   1396   8458   72    6   72 192.12 
15:02:59  30.0   0.0   0.0  70.0   0.0    7   1271   8424   77    6   77 192.17 
15:03:00  29.9   0.0   0.1  70.0   0.0    7   1421   8564   72    6   72 191.80 
15:03:01  29.9   0.0   0.1  70.0   0.0    7   1612   8679   72    6   72 191.58 
15:03:02  29.9   0.0   0.1  68.6   1.4    7   1429   8732   77    6   77 190.19 
15:03:03  30.0   0.0   0.0  70.0   0.0    7   1637   8773   72    6   72 192.13 
15:03:04  29.9   0.0   0.1  70.0   0.0    7   2035   8899   72    6   72 192.05 
15:03:05  29.9   0.0   0.1  70.0   0.0    7   1824   8886   72    6   72 189.58 
15:03:06  29.9   0.0   0.1  70.0   0.0    7   1530   8856   72    6   72 190.46 
15:03:07  30.0   0.0   0.0  69.9   0.0    7   1432   8737   77    6   77 190.45 
15:03:08  30.0   0.0   0.1  69.9   0.1    7   1281   8538   72    6   72 191.87 
15:03:09  29.9   0.0   0.1  70.0   0.0    7   1726   8786   72    6   72 192.21 
15:03:10  29.9   0.0   0.1  70.0   0.0    7   1536   8673   72    6   72 190.55 
15:03:11  30.0   0.0   0.1  70.0   0.0    8   1280   8505   73    6   77 192.38 
15:03:12  29.9   0.0   0.1  70.0   0.0    7   1252   8561   76    6   72 190.57 
15:03:13  29.4   0.0   0.1  70.4   0.2    7   2508   9323   74    8   74 187.01 
15:03:14  30.0   0.0   0.0  70.0   0.0    7   2040   8755   82    6   82 192.86 
  Time    User  Nice   Sys  Idle    IO  Run Ctxt/s  IRQ/s Fork Exec Exit  Watts
15:03:15  30.0   0.0   0.1  70.0   0.0    7   2297   8907   82    6   82 192.14 
15:03:16  29.9   0.0   0.1  70.0   0.0    7   1581   8696   77    6   77 191.13 
15:03:17  29.9   0.0   0.1  70.0   0.0    7   1722   8925   82    6   82 191.78 
15:03:18  29.9   0.0   0.1  70.0   0.0    7   2147   9070   77    6   77 191.83 
15:03:19  29.9   0.0   0.1  69.8   0.1    7   1938   8989   82    6   82 192.87 
15:03:20  29.9   0.0   0.1  70.1   0.0    7   2140   9123   77    6   77 190.32 
15:03:21  29.9   0.0   0.1  70.0   0.1    7   2035   9068   82    6   82 189.98 
15:03:22  30.0   0.0   0.1  70.0   0.0    7   1874   9171   77    6   77 190.54 
15:03:23  29.9   0.0   0.1  70.0   0.0    7   2232   9362   82    6   82 191.86 
15:03:24  29.9   0.0   0.1  67.8   2.2    7   1921   9098   77    6   77 193.03 
15:03:25  30.0   0.0   0.1  69.9   0.0    7   2182   9173   82    6   82 192.55 
15:03:26  30.0   0.0   0.1  70.0   0.0    7   1790   8908   77    6   77 192.10 
15:03:27  29.9   0.0   0.1  70.0   0.0    7   1900   8911   77    6   77 191.62 
15:03:28  29.9   0.0   0.1  70.1   0.0    7   2153   9305   82    6   82 192.08 
15:03:29  29.9   0.0   0.1  70.0   0.0    7   1321   8916   77    6   77 190.42 
15:03:30  29.8   0.0   0.1  70.0   0.1    7   1547   8866   77    6   77 190.58 
15:03:31  29.9   0.0   0.1  70.0   0.0    7   1948   8930   77    6   77 192.06 
15:03:32  30.0   0.0   0.1  70.0   0.0    7   1867   9054   77    6   77 188.39 
15:03:33  30.0   0.0   0.1  70.0   0.0    7   1842   8910   82    6   82 190.10 
15:03:34  29.9   0.0   0.1  70.0   0.0    7   1282   8598   77    6   77 191.69 
15:03:35  30.0   0.0   0.1  70.0   0.0    7   1814   8975   77    6   77 190.71 
15:03:36  30.0   0.0   0.1  68.8   1.2    7   1786   9019   77    6   77 192.21 
15:03:37  30.0   0.0   0.1  70.0   0.0    7   1577   9011   77    6   77 191.19 
  Time    User  Nice   Sys  Idle    IO  Run Ctxt/s  IRQ/s Fork Exec Exit  Watts
15:03:38  30.0   0.0   0.1  70.0   0.0    7   2036   9065   77    6   77 191.63 
15:03:39  30.0   0.0   0.1  70.0   0.0    7   1683   8932   77    6   77 192.14 
15:03:40  29.9   0.0   0.1  70.0   0.0    7   1409   8657   77    6   77 192.05 
15:03:41  29.9   0.0   0.1  70.0   0.0    7   1440   8833   77    6   77 191.41 
15:03:42  30.0   0.0   0.1  69.9   0.1    7   1361   8762   77    6   77 192.07 
15:03:43  29.9   0.0   0.1  70.0   0.0    7   1465   8840   77    6   77 192.16 
15:03:44  29.9   0.0   0.1  70.0   0.0    7   1714   9003   77    6   77 191.08 
15:03:45  29.9   0.0   0.1  70.0   0.0    7   1829   9128   77    6   77 192.21 
15:03:46  30.0   0.0   0.1  70.0   0.0    7   1525   8808   77    6   77 190.71 
15:03:47  30.0   0.0   0.0  69.9   0.1    7   2245   9354   77    6   77 191.12 
15:03:48  30.0   0.0   0.1  70.0   0.0    7   1909   9109   77    6   77 191.81 
15:03:49  29.9   0.0   0.1  70.0   0.0    7   1857   9073   72    6   72 192.08 
15:03:50  29.9   0.0   0.1  70.1   0.0    7   2065   9237   77    6   77 191.76 
15:03:51  29.9   0.0   0.1  70.0   0.0    7   1945   9137   77    6   77 192.52 
15:03:52  30.0   0.0   0.1  70.0   0.0    7   1801   8909   77    6   77 190.58 
15:03:53  30.0   0.0   0.1  69.8   0.1    7   2122   9004   72    6   72 192.73 
15:03:54  30.0   0.0   0.1  70.0   0.0    7   2010   9209   77    6   77 190.24 
15:03:55  29.9   0.0   0.1  70.0   0.0    7   1775   9050   75    6   77 192.56 
15:03:56  29.9   0.0   0.1  70.0   0.0    7   1985   9237   74    6   72 191.15 
15:03:57  30.0   0.0   0.1  70.0   0.0    7   1641   8801   77    6   77 190.93 
15:03:58  29.9   0.0   0.1  70.0   0.0    7   1320   8544   72    6   72 191.03 
15:03:59  30.0   0.0   0.1  69.9   0.1    7   1231   8710   77    6   77 190.95 
15:04:00  29.9   0.0   0.1  70.0   0.0    7   1427   8715   72    6   72 190.46 
  Time    User  Nice   Sys  Idle    IO  Run Ctxt/s  IRQ/s Fork Exec Exit  Watts
15:04:01  30.0   0.0   0.0  69.9   0.0    7   1378   8743   77    6   77 192.09 
15:04:02  29.9   0.0   0.1  70.0   0.0    7   1411   8664   77    6   77 191.67 
15:04:03  30.0   0.0   0.0  69.9   0.0    7   1104   8293   72    6   72 191.93 
15:04:04  29.9   0.0   0.1  70.0   0.0    7   1579   8855   77    6   77 190.13 
15:04:05  29.9   0.0   0.1  68.3   1.8    7   1952   9050   72    6   72 191.91 
15:04:06  29.9   0.0   0.1  70.1   0.0    7   1735   8784   77    6   77 191.31 
15:04:07  30.0   0.0   0.0  69.9   0.0    7   1667   8656   72    6   72 193.46 
15:04:08  30.0   0.0   0.1  70.0   0.0    7   1621   8754   72    6   72 191.60 
15:04:09  30.0   0.0   0.1  70.0   0.0    7   1175   8557   77    6   77 192.35 
15:04:10  30.0   0.0   0.1  69.6   0.4    7   1094   8405   72    6   72 191.83 
15:04:11  30.0   0.0   0.1  67.8   2.1    7   1280   8617   77    6   77 192.56 
15:04:12  30.0   0.0   0.1  70.0   0.0    7   1427   8574   72    6   72 190.43 
15:04:13  29.9   0.0   0.1  70.0   0.0    7   1410   8344   72    6   72 192.11 
15:04:14  30.0   0.0   0.1  70.0   0.0    7   2087   8835   77    6   77 191.07 
15:04:15  29.9   0.0   0.1  70.0   0.0    7   1321   8517   72    6   72 189.63 
15:04:16  30.0   0.0   0.1  69.8   0.2    7   1174   8289   72    6   72 191.89 
15:04:17  30.0   0.0   0.1  70.0   0.0    7   1553   8628   72    6   72 191.66 
15:04:18  29.5   0.0   0.1  70.4   0.0    7   2336   9008   79    8   79 189.21 
15:04:19  30.0   0.0   0.1  70.0   0.0    7   1746   8733   77    6   77 192.26 
15:04:20  30.0   0.0   0.1  69.9   0.0    7   1945   8812   82    6   82 191.76 
15:04:21  30.0   0.0   0.1  69.9   0.0    7   1669   8808   82    6   82 192.54 
15:04:22  29.9   0.0   0.1  70.0   0.0    8   1914   8928   82    6   82 191.75 
15:04:23  29.9   0.0   0.1  70.0   0.1    7   1698   9065   70    0   70 192.86 
  Time    User  Nice   Sys  Idle    IO  Run Ctxt/s  IRQ/s Fork Exec Exit  Watts
15:04:24  29.9   0.0   0.1  70.0   0.0    9   2059   9182   82    6   82 191.05 
15:04:25  30.0   0.0   0.1  70.0   0.0    7   1634   8892   77    6   77 192.02 
15:04:26  29.9   0.0   0.1  70.0   0.0    7   2366   9513   82    6   82 191.80 
15:04:27  30.0   0.0   0.1  69.9   0.0    7   1452   8764   77    6   77 191.92 
15:04:28  30.0   0.0   0.1  70.0   0.0    7   2095   9170   82    6   82 192.19 
15:04:29  29.9   0.0   0.1  69.9   0.1    7   1896   9018   77    6   77 190.84 
15:04:30  30.0   0.0   0.1  69.9   0.0    7   1825   8956   77    6   77 189.90 
15:04:31  30.0   0.0   0.1  70.0   0.0    7   1529   8986   82    6   82 190.00 
15:04:32  29.9   0.0   0.1  70.0   0.0    7   1543   8837   77    6   77 191.96 
15:04:33  30.0   0.0   0.1  69.9   0.0    7   1844   8998   77    6   77 191.17 
15:04:34  30.0   0.0   0.1  70.0   0.0    7   1794   9023   82    6   82 189.78 
15:04:35  30.0   0.0   0.1  69.8   0.1    7   1756   8854   77    6   77 191.66 
15:04:36  30.0   0.0   0.1  69.9   0.0    7   1679   8757   77    6   77 188.95 
15:04:37  30.0   0.0   0.1  70.0   0.0    7   1624   8978   77    6   77 185.80 
15:04:38  30.0   0.0   0.1  69.9   0.0    7   1767   9018   77    6   77 189.76 
15:04:39  30.0   0.0   0.1  70.0   0.0    7   1884   9134   77    6   77 190.59 
15:04:40  29.9   0.0   0.1  70.0   0.0    7   1725   9117   77    6   77 188.50 
15:04:41  30.0   0.0   0.0  69.8   0.1    7   1291   8867   77    6   77 189.24 
15:04:42  29.9   0.0   0.1  70.0   0.0    7   1287   8747   77    6   77 189.57 
15:04:43  29.9   0.0   0.1  70.0   0.0    7   1431   9048   77    6   77 188.26 
15:04:44  29.9   0.0   0.1  70.0   0.0    7   1189   8819   77    6   77 189.08 
15:04:45  30.0   0.0   0.1  70.0   0.0    7   1532   8913   77    6   77 190.47 
15:04:46  30.0   0.0   0.1  69.9   0.0    7   1854   8979   72    6   72 187.78 
  Time    User  Nice   Sys  Idle    IO  Run Ctxt/s  IRQ/s Fork Exec Exit  Watts
15:04:47  30.0   0.0   0.1  69.8   0.1    7   1862   9157   77    6   77 187.35 
15:04:48  29.9   0.0   0.1  70.0   0.0    7   1537   8872   77    6   77 189.48 
15:04:49  30.0   0.0   0.0  69.9   0.0    7   1851   9221   77    6   77 190.14 
15:04:50  30.0   0.0   0.1  69.9   0.0    7   1929   9016   72    6   72 187.88 
15:04:51  30.0   0.0   0.1  69.9   0.0    7   1643   8754   77    6   77 191.34 
15:04:52  29.9   0.0   0.1  70.0   0.0    7   1875   8902   77    6   77 189.72 
15:04:53  30.0   0.0   0.1  69.5   0.4    7   1371   8790   72    6   72 189.19 
15:04:54  29.9   0.0   0.1  70.0   0.0    7   1633   8740   77    6   77 187.39 
15:04:55  29.9   0.0   0.1  70.0   0.0    7   1792   8842   77    6   77 189.71 
15:04:56  30.0   0.0   0.1  69.9   0.0    7   1592   8756   72    6   72 188.58 
15:04:57  29.9   0.0   0.1  70.0   0.0    7   1608   9072   77    6   77 190.17 
15:04:58  29.9   0.0   0.1  70.0   0.0    7   1638   8813   72    6   72 187.71 
15:04:59  29.9   0.0   0.1  69.9   0.1    7   1613   9003   72    6   72 186.18 
15:05:00  30.0   0.0   0.1  70.0   0.0    7   1854   8865   77    6   77 188.26 
15:05:01  29.9   0.0   0.2  69.8   0.2    7   1961   9194   75    8   75 190.86 
15:05:02  30.1   0.0   0.1  69.9   0.0    7   1789   8924   77    6   77 188.30 
15:05:03  29.9   0.0   0.1  70.0   0.0    7   1580   8922   72    6   72 188.11 
15:05:04  30.0   0.0   0.1  69.9   0.0    7   1640   8998   77    6   77 188.38 
15:05:05  30.0   0.0   0.0  70.0   0.0    7   1334   8729   72    6   72 186.90 
15:05:06  30.0   0.0   0.1  69.9   0.0    7   1608   8711   72    6   72 190.74 
15:05:07  30.0   0.0   0.1  69.8   0.1    7   1418   8741   77    6   77 188.53 
15:05:08  30.0   0.0   0.0  69.9   0.0    7   1544   8793   72    6   72 191.24 
15:05:09  30.0   0.0   0.1  70.0   0.0    7   1561   9124   72    6   72 185.03 
  Time    User  Nice   Sys  Idle    IO  Run Ctxt/s  IRQ/s Fork Exec Exit  Watts
15:05:10  29.9   0.0   0.1  70.0   0.0    7   2148   9102   77    6   77 189.28 
15:05:11  30.1   0.0   0.1  69.9   0.0    7   1928   9137   72    6   72 188.90 
15:05:12  30.1   0.0   0.1  69.9   0.0    7   1422   8670   72    6   72 187.16 
15:05:13  30.0   0.0   0.1  69.8   0.1    7   1712   9082   72    6   72 184.27 
15:05:14  30.0   0.0   0.1  69.9   0.0    7   1314   8783   67    6   67 182.18 
15:05:15  30.0   0.0   0.1  69.9   0.0    7   2002   9202   76    6   77 187.82 
15:05:16  30.0   0.0   0.1  70.0   0.0    7   1907   9094   73    6   72 191.30 
15:05:17  30.0   0.0   0.1  70.0   0.0    7   1997   9150   72    6   72 186.96 
15:05:18  30.0   0.0   0.1  70.0   0.0    7   1463   8865   72    6   72 187.58 
15:05:19  29.9   0.0   0.1  69.9   0.1    7   1453   8746   72    6   75 190.46 
15:05:20  30.0   0.0   0.1  70.0   0.0    7   1675   9041   72    6   72 188.56 
15:05:21  29.4   0.0   0.1  70.5   0.0    7   2223   9318   79    8   79 183.85 
15:05:22  30.0   0.0   0.1  69.9   0.0    7   1759   9111   77    6   77 188.71 
15:05:23  30.0   0.0   0.1  70.0   0.0    7   1584   9178   82    6   82 189.84 
15:05:24  30.0   0.0   0.1  69.9   0.0    7   1438   9047   77    6   77 186.50 
15:05:25  30.1   0.0   0.1  69.8   0.1    7   1482   8970   82    6   82 189.62 
15:05:26  30.0   0.0   0.1  70.0   0.0    7   1531   9149   77    6   77 189.13 
15:05:27  30.0   0.0   0.1  69.9   0.0    7   1667   9276   77    6   77 188.74 
15:05:28  30.0   0.0   0.1  69.9   0.0    7   2627   9809   82    6   82 188.55 
15:05:29  30.0   0.0   0.1  70.0   0.0    7   1470   8960   77    6   77 188.17 
15:05:30  30.0   0.0   0.1  70.0   0.0    7   1793   8870   77    6   77 190.68 
15:05:31  30.0   0.0   0.1  69.9   0.1    7   1998   9363   77    6   77 187.73 
15:05:32  30.0   0.0   0.1  69.9   0.1    7   1986   9181   77    6   77 186.28 
  Time    User  Nice   Sys  Idle    IO  Run Ctxt/s  IRQ/s Fork Exec Exit  Watts
15:05:33  30.0   0.0   0.1  69.9   0.0    7   1681   8882   77    6   77 186.66 
15:05:34  30.0   0.0   0.1  69.6   0.3    7   1423   9014   78    6   77 187.62 
15:05:35  30.4   0.0   0.1  68.6   1.0    7   1328   8927   82    6   82 189.42 
15:05:36  30.1   0.0   0.0  70.0   0.0    7   1423   8839   77    6   77 188.22 
15:05:37  29.9   0.0   0.1  70.0   0.1    7   1479   8687   73    6   72 187.27 
15:05:38  30.0   0.0   0.1  70.0   0.0    7   1997   9317   77    6   77 185.69 
15:05:39  30.0   0.0   0.1  69.9   0.0    7   2222   9696   77    6   77 187.00 
15:05:40  30.0   0.0   0.1  69.9   0.0    7   1273   8511   77    6   77 188.20 
15:05:41  29.9   0.0   0.1  70.0   0.0    7   1546   9024   77    6   77 184.26 
15:05:42  30.0   0.0   0.1  70.0   0.0    8   1492   8622   77    6   77 187.40 
15:05:43  30.0   0.0   0.1  69.8   0.2    7   1427   8812   74    6   77 186.66 
15:05:44  30.0   0.0   0.1  70.0   0.0    7   1427   8949   75    6   72 189.42 
15:05:45  30.0   0.0   0.1  69.9   0.0    7   1863   8946   82    6   82 190.30 
15:05:46  29.9   0.0   0.1  70.0   0.0    7   1597   8799   72    6   72 186.47 
15:05:47  30.0   0.0   0.1  70.0   0.0    7   1318   8467   77    6   77 188.53 
15:05:48  30.0   0.0   0.1  69.9   0.0    7   1277   8569   77    6   77 191.22 
15:05:49  30.0   0.0   0.1  69.5   0.5    7   1484   8827   77    6   77 189.03 
15:05:50  30.0   0.0   0.1  69.9   0.0    7   1329   8884   77    6   78 187.90 
15:05:51  30.0   0.0   0.1  69.9   0.0    7   1611   9128   72    6   72 189.28 
15:05:52  30.0   0.0   0.1  70.0   0.0    7   1609   8817   77    6   77 189.81 
15:05:53  30.0   0.0   0.0  69.9   0.0    7   1115   8426   77    6   77 189.93 
15:05:54  30.0   0.0   0.1  69.9   0.0    7   1385   8804   77    6   77 190.22 
15:05:55  30.0   0.0   0.1  68.0   2.0    7   1277   8717   77    6   77 188.18 
  Time    User  Nice   Sys  Idle    IO  Run Ctxt/s  IRQ/s Fork Exec Exit  Watts
15:05:56  30.0   0.0   0.1  66.6   3.3    7   1507   8779   72    6   72 190.65 
15:05:57  29.9   0.0   0.1  70.0   0.0    7   1614   8960   77    6   77 189.82 
15:05:58  30.0   0.0   0.1  70.0   0.0    7   1989   9036   77    6   77 191.26 
15:05:59  30.0   0.0   0.1  69.9   0.0    7   1576   8932   72    6   72 187.10 
15:06:00  30.0   0.0   0.1  70.0   0.0    7   1850   9187   77    6   77 189.00 
15:06:01  30.0   0.0   0.1  69.8   0.2    7   1794   9130   72    6   72 189.96 
15:06:02  29.9   0.0   0.1  70.0   0.0    7   1153   8911   77    6   77 186.72 
15:06:03  30.0   0.0   0.1  70.0   0.0    7   1708   9235   72    6   72 189.38 
15:06:04  30.0   0.0   0.1  70.0   0.0    7   1544   9233   72    6   72 187.73 
15:06:05  30.0   0.0   0.1  70.0   0.0    8   1385   8995   77    6   77 186.18 
15:06:06  30.0   0.0   0.1  69.9   0.0    7   1401   8949   72    6   72 185.27 
15:06:07  30.0   0.0   0.0  69.8   0.2    7   1351   8941   72    6   72 190.51 
15:06:08  30.0   0.0   0.1  69.9   0.0    7   1818   8913   77    6   77 191.22 
15:06:09  30.0   0.0   0.1  69.9   0.0    7   1699   8866   72    6   72 186.87 
15:06:10  30.0   0.0   0.0  69.9   0.0    7   1680   8872   72    6   72 189.32 
15:06:11  30.0   0.0   0.1  70.0   0.0    7   1599   9058   77    6   77 188.58 
15:06:12  30.0   0.0   0.1  69.8   0.1    7   1333   8838   72    6   72 186.30 
15:06:13  29.9   0.0   0.1  70.0   0.0    7   1411   8891   72    6   72 186.36 
15:06:14  29.9   0.0   0.1  70.0   0.0    7   1203   8548   72    6   72 189.02 
15:06:15  30.1   0.0   0.1  69.9   0.0    7   1762   9000   74    6   77 189.11 
15:06:16  30.0   0.0   0.1  70.0   0.0    7   1153   8581   75    6   72 187.93 
15:06:17  30.0   0.0   0.1  70.0   0.0    7   1144   8815   72    6   72 185.41 
15:06:18  30.0   0.0   0.1  69.9   0.1    7   1847   9031   72    6   72 189.62 
  Time    User  Nice   Sys  Idle    IO  Run Ctxt/s  IRQ/s Fork Exec Exit  Watts
15:06:19  30.0   0.0   0.1  70.0   0.0    7   1372   8825   72    6   72 187.36 
15:06:20  29.9   0.0   0.1  70.0   0.0    7   1226   8722   72    6   72 189.01 
15:06:21  30.0   0.0   0.1  70.0   0.0    7   1880   9100   72    6   72 189.30 
15:06:22  30.1   0.0   0.0  69.9   0.0    7   1659   8931   72    6   72 188.77 
15:06:23  30.0   0.0   0.1  69.9   0.0    7   1672   9130   72    6   72 187.69 
15:06:24  30.0   0.0   0.1  69.9   0.1    7   1763   8898   72    6   72 190.72 
15:06:25  30.0   0.0   0.1  70.0   0.0    7   1791   9226   72    6   72 185.41 
15:06:26  30.0   0.0   0.1  69.9   0.0    7   1548   8817   72    6   72 186.14 
15:06:27  30.0   0.0   0.1  70.0   0.0    7   1513   8730   72    6   72 189.06 
15:06:28  29.2   0.0   0.1  70.7   0.0    7   2096   9300   79    8   79 183.32 
15:06:29  30.0   0.0   0.1  70.0   0.0    7   2317   9472   77    6   77 187.86 
15:06:30  30.0   0.0   0.1  69.1   0.9    7   1875   9214   77    6   77 186.69 
15:06:31  30.1   0.0   0.0  67.8   2.2    7   1938   9446   77    6   77 185.28 
15:06:32  30.0   0.0   0.1  69.9   0.0    7   1428   8941   82    6   82 187.79 
15:06:33  30.0   0.0   0.1  70.0   0.0    7   1654   9332   77    6   77 186.40 
15:06:34  30.0   0.0   0.1  69.9   0.0    7   2110   9606   77    6   77 186.03 
15:06:35  30.0   0.0   0.1  69.9   0.0    7   1951   9267   77    6   77 189.86 
15:06:36  29.9   0.0   0.1  69.8   0.2    7   2050   9459   82    6   82 189.03 
15:06:37  29.9   0.0   0.1  70.0   0.0    7   2050   9085   77    6   77 188.27 
15:06:38  30.0   0.0   0.1  69.9   0.0    7   2059   9118   77    6   77 189.24 
15:06:39  30.0   0.0   0.1  69.9   0.0    7   1635   9061   77    6   77 187.98 
15:06:40  29.9   0.0   0.1  70.0   0.0    7   2100   9379   77    6   77 187.87 
15:06:41  29.9   0.0   0.1  69.9   0.1    7   1965   9204   82    6   82 190.46 
  Time    User  Nice   Sys  Idle    IO  Run Ctxt/s  IRQ/s Fork Exec Exit  Watts
15:06:42  29.9   0.0   0.1  70.0   0.0    7   1526   8907   77    6   77 189.62 
15:06:43  30.0   0.0   0.1  69.9   0.0    7   1862   9081   77    6   77 189.03 
-------- ----- ----- ----- ----- ----- ---- ------ ------ ---- ---- ---- ------ 
 Average  29.9   0.0   0.1  70.0   0.1  7.0 1714.8 8899.2 76.0  6.0 76.0 189.95 
 GeoMean  29.7   0.0   0.0  70.0   0.0  7.0 1687.8 8887.5 75.5  0.0 75.2 189.69 
  StdDev   1.4   0.0   0.2   1.3   0.4  0.3  302.3  379.4  5.5  0.5  5.9   7.16 
-------- ----- ----- ----- ----- ----- ---- ------ ------ ---- ---- ---- ------ 
 Minimum   0.5   0.0   0.0  65.1   0.0  3.0  428.0 3245.0  8.0  0.0  3.0  48.03 
 Maximum  30.4   0.0   4.6  94.9   4.9 11.0 3541.0 10191.0 83.0  9.0 83.0 213.12 
-------- ----- ----- ----- ----- ----- ---- ------ ------ ---- ---- ---- ------ 
Summary:
CPU: 189.95 Watts on average with standard deviation 7.16  
Note: power read from RAPL domains: uncore, pkg-0, core.
These readings do not cover all the hardware in this device.
