Running for 600.0 seconds (600 samples at 1.0 second intervals).
Power measurements will start in 0 seconds time.

  Time    User  Nice   Sys  Idle    IO  Run Ctxt/s  IRQ/s Fork Exec Exit  Watts
15:06:19   0.5   0.0   4.6  94.9   0.0    3   3127   3027   16    6    2  46.97 
15:06:20  12.7   0.0   1.9  85.3   0.1    7   1370   4274    6    1    5 104.35 
15:06:21  30.0   0.0   0.1  70.0   0.0    7    430   7585   12    6   12 214.74 
15:06:22  29.9   0.0   0.1  70.0   0.0    7   1594   8779   82    6   82 181.59 
15:06:23  30.0   0.0   0.0  69.9   0.0    7   1462   8552   77    6   77 183.20 
15:06:24  29.9   0.0   0.1  70.0   0.0    7   1528   8776   82    6   82 181.72 
15:06:25  30.0   0.0   0.1  70.0   0.0    7   1233   8354   77    6   77 182.67 
15:06:26  30.0   0.0   0.1  67.4   2.6    7   1738   8703   82    6   82 184.74 
15:06:27  30.0   0.0   0.1  70.0   0.0    7   1389   8657   82    6   82 185.74 
15:06:28  29.9   0.0   0.1  70.0   0.0    7   1626   8741   77    6   77 184.99 
15:06:29  30.0   0.0   0.0  70.0   0.0    7   1506   8716   82    6   82 184.41 
15:06:30  29.9   0.0   0.1  70.0   0.0    7   1440   8534   77    6   77 185.11 
15:06:31  29.9   0.0   0.1  70.1   0.0    7   1389   8767   77    6   77 184.76 
15:06:32  29.9   0.0   0.1  69.9   0.1    7   1466   8457   82    6   82 184.18 
15:06:33  30.0   0.0   0.1  70.0   0.0    7   1369   8549   77    6   77 184.46 
15:06:34  29.9   0.0   0.1  70.0   0.0    7   1671   8896   77    6   77 183.83 
15:06:35  29.9   0.0   0.1  70.0   0.0    7   1468   8731   77    6   77 185.10 
15:06:36  29.9   0.0   0.1  70.0   0.0    7   1539   8765   82    6   82 184.96 
15:06:37  30.0   0.0   0.1  69.9   0.0    7   1403   8560   77    6   77 185.57 
15:06:38  29.9   0.0   0.1  70.1   0.0    7   1532   8527   77    6   77 186.48 
15:06:39  30.0   0.0   0.1  69.9   0.0    7   1621   9081   78    6   77 187.83 
15:06:40  30.0   0.0   0.1  70.0   0.0    7   1355   8615   77    6   77 187.65 
15:06:41  29.9   0.0   0.1  69.8   0.2    7   1643   8858   77    6   77 184.79 
  Time    User  Nice   Sys  Idle    IO  Run Ctxt/s  IRQ/s Fork Exec Exit  Watts
15:06:42  29.9   0.0   0.2  70.0   0.0    8   1596   8667   82    6   82 187.18 
15:06:43  30.0   0.0   0.1  70.0   0.0    7   1577   8841   77    6   77 186.51 
15:06:44  29.9   0.0   0.1  68.2   1.8    7   1358   8671   77    6   77 186.61 
15:06:45  30.0   0.0   0.1  70.0   0.0    7   1374   8767   77    6   77 186.43 
15:06:46  30.0   0.0   0.1  70.0   0.0    7   1403   8813   72    6   72 184.64 
15:06:47  29.9   0.0   0.2  70.0   0.0    7   1502   8649   77    6   77 183.94 
15:06:48  30.0   0.0   0.1  70.0   0.0    7   1265   8419   77    6   77 188.77 
15:06:49  29.9   0.0   0.1  70.0   0.0    7   1354   8575   77    6   77 187.24 
15:06:50  29.9   0.0   0.1  69.9   0.2    7   1304   8525   77    6   78 187.78 
15:06:51  30.0   0.0   0.1  69.9   0.0    7   1242   8572   77    6   77 189.29 
15:06:52  29.9   0.0   0.1  70.1   0.0    7   1605   8756   77    6   77 187.83 
15:06:53  30.0   0.0   0.0  70.0   0.0    7   1347   8634   77    6   77 186.95 
15:06:54  29.9   0.0   0.1  70.0   0.0    7   1226   8435   72    6   72 188.09 
15:06:55  29.9   0.0   0.1  70.0   0.0    7   1354   8644   77    6   77 188.43 
15:06:56  30.0   0.0   0.0  69.9   0.1    7   1284   8691   77    6   77 187.09 
15:06:57  29.9   0.0   0.1  70.0   0.0    7   1218   8620   77    6   77 189.12 
15:06:58  30.0   0.0   0.1  70.0   0.0    7   1245   8565   72    6   72 188.56 
15:06:59  29.9   0.0   0.1  70.0   0.0    7   1476   8719   78    6   77 188.35 
15:07:00  30.0   0.0   0.0  70.0   0.0    7   1282   8548   77    6   77 190.81 
15:07:01  30.0   0.0   0.1  69.9   0.0    7   1269   8667   72    6   72 187.74 
15:07:02  29.9   0.0   0.1  69.8   0.2    7   1687   8884   77    6   77 189.68 
15:07:03  29.9   0.0   0.1  70.0   0.0    7   1252   8761   77    6   77 189.82 
15:07:04  29.9   0.0   0.1  70.0   0.0    7   1210   8495   72    6   72 189.29 
  Time    User  Nice   Sys  Idle    IO  Run Ctxt/s  IRQ/s Fork Exec Exit  Watts
15:07:05  29.9   0.0   0.1  70.0   0.0    7   1466   8656   77    6   77 189.47 
15:07:06  30.0   0.0   0.1  70.0   0.0    7   1254   8566   72    6   72 189.51 
15:07:07  29.9   0.0   0.1  70.0   0.0    7   1257   8515   77    6   77 187.44 
15:07:08  29.9   0.0   0.1  69.9   0.2    7   1326   8696   72    6   72 189.87 
15:07:09  29.9   0.0   0.1  70.0   0.0    7   1276   8688   77    6   77 189.32 
15:07:10  30.0   0.0   0.1  70.0   0.0    7   1183   8498   72    6   72 190.79 
15:07:11  30.0   0.0   0.0  70.0   0.0    7   1253   8464   77    6   77 187.85 
15:07:12  30.0   0.0   0.1  70.0   0.0    7   1157   8290   72    6   72 189.68 
15:07:13  29.9   0.0   0.1  70.0   0.0    7   1184   8401   77    6   77 190.95 
15:07:14  30.0   0.0   0.1  69.9   0.1    7   1740   8836   72    6   72 189.05 
15:07:15  30.0   0.0   0.1  70.0   0.0    7   1184   8319   72    6   72 191.21 
15:07:16  30.0   0.0   0.1  70.0   0.0    7   1235   8460   77    6   77 190.46 
15:07:17  29.9   0.0   0.1  70.0   0.0    7   1381   8413   72    6   72 189.70 
15:07:18  30.0   0.0   0.1  70.0   0.0    7   1427   8584   72    6   72 190.77 
15:07:19  29.9   0.0   0.1  70.0   0.0    7   1345   8635   72    6   72 188.45 
15:07:20  29.3   0.0   0.1  70.5   0.1    7   2146   9080   79    8   79 185.34 
15:07:21  30.0   0.0   0.1  70.0   0.0    7   1615   8531   77    6   77 191.91 
15:07:22  29.9   0.0   0.1  70.1   0.0    7   1471   8498   82    6   82 191.82 
15:07:23  30.0   0.0   0.0  70.0   0.0    7   1535   8573   82    6   82 192.53 
15:07:24  29.9   0.0   0.1  70.0   0.0    7   1694   8763   77    6   77 189.82 
15:07:25  29.9   0.0   0.1  70.0   0.0    7   1501   8316   82    6   82 189.27 
15:07:26  29.9   0.0   0.1  69.9   0.2    7   1795   8676   77    6   77 191.68 
15:07:27  29.9   0.0   0.1  70.0   0.0    7   1340   8463   82    6   82 191.45 
  Time    User  Nice   Sys  Idle    IO  Run Ctxt/s  IRQ/s Fork Exec Exit  Watts
15:07:28  30.0   0.0   0.0  70.0   0.0    7   1530   8588   77    6   77 192.01 
15:07:29  29.9   0.0   0.1  70.0   0.0    7   1297   8637   82    6   82 190.05 
15:07:30  29.9   0.0   0.1  70.0   0.0    7   1257   8360   77    6   77 192.60 
15:07:31  29.9   0.0   0.1  70.0   0.0    7   1324   8406   82    6   82 189.71 
15:07:32  30.0   0.0   0.1  69.9   0.1    7   1678   8727   77    6   77 191.11 
15:07:33  30.0   0.0   0.1  70.0   0.0    7   1173   8342   77    6   77 192.54 
15:07:34  29.9   0.0   0.1  70.0   0.0    7   1580   8582   82    6   82 191.62 
15:07:35  30.0   0.0   0.0  70.0   0.0    7   1329   8242   77    6   77 191.99 
15:07:36  30.0   0.0   0.1  70.0   0.0    7   1401   8489   82    6   82 191.63 
15:07:37  29.9   0.0   0.1  70.0   0.0    7   1523   8658   77    6   77 191.23 
15:07:38  29.9   0.0   0.1  69.9   0.1    7   1433   8473   77    6   77 190.79 
15:07:39  30.0   0.0   0.1  70.0   0.0    7   1448   8546   77    6   77 191.53 
15:07:40  29.9   0.0   0.1  70.0   0.0    7   1252   8335   77    6   77 191.53 
15:07:41  30.0   0.0   0.1  70.0   0.0    7   1306   8297   82    6   82 190.65 
15:07:42  29.9   0.0   0.1  70.0   0.0    7   1289   8517   77    6   77 190.56 
15:07:43  29.9   0.0   0.1  70.0   0.0    7   1431   8512   77    6   77 189.00 
15:07:44  29.9   0.0   0.1  69.8   0.1    7   1261   8432   77    6   77 191.33 
15:07:45  29.9   0.0   0.1  70.0   0.0    8   1759   8800   77    6   77 189.57 
15:07:46  29.9   0.0   0.1  70.0   0.0    7   1595   8680   77    6   77 192.02 
15:07:47  30.0   0.0   0.1  70.0   0.0    7   1642   8610   77    6   77 192.82 
15:07:48  29.9   0.0   0.1  70.0   0.0    7   1473   8593   77    6   77 192.87 
15:07:49  29.9   0.0   0.1  70.0   0.0    7   1468   8459   77    6   77 190.44 
15:07:50  29.9   0.0   0.1  68.5   1.6    7   1416   8489   72    6   72 189.38 
  Time    User  Nice   Sys  Idle    IO  Run Ctxt/s  IRQ/s Fork Exec Exit  Watts
15:07:51  29.9   0.0   0.1  70.0   0.1    7   1395   8703   77    6   77 188.96 
15:07:52  30.0   0.0   0.0  70.0   0.0    7   1190   8387   77    6   77 192.84 
15:07:53  29.9   0.0   0.1  70.0   0.0    7   1586   8595   77    6   77 189.79 
15:07:54  30.0   0.0   0.1  70.0   0.0    7   1468   8424   77    6   77 189.95 
15:07:55  30.0   0.0   0.1  69.8   0.2    7   1132   8224   77    6   77 191.94 
15:07:56  29.9   0.0   0.1  70.1   0.0    7   1424   8498   72    6   72 190.88 
15:07:57  29.9   0.0   0.1  70.0   0.0    7   1443   8673   77    6   77 188.73 
15:07:58  30.0   0.0   0.1  70.0   0.0    7   1289   8559   73    6   77 190.20 
15:07:59  30.0   0.0   0.1  70.0   0.0    7   1300   8576   76    6   72 187.90 
15:08:00  29.9   0.0   0.1  70.0   0.0    7   1517   8822   77    6   77 191.75 
15:08:01  29.9   0.0   0.1  69.9   0.1    7   1319   8536   72    6   72 190.48 
15:08:02  29.9   0.0   0.1  70.0   0.0    7   1216   8404   77    6   77 192.06 
15:08:03  29.9   0.0   0.1  70.0   0.0    7   1148   8363   77    6   77 191.42 
15:08:04  29.9   0.0   0.1  70.0   0.0    7   1123   8243   72    6   72 192.27 
15:08:05  30.0   0.0   0.1  70.0   0.0    7   1405   8434   77    6   77 191.04 
15:08:06  29.9   0.0   0.1  70.0   0.0    7   1216   8326   77    6   77 192.92 
15:08:07  29.9   0.0   0.1  70.0   0.1    7   1128   8382   72    6   72 190.67 
15:08:08  29.9   0.0   0.1  70.0   0.0    7   1328   8361   77    6   77 192.12 
15:08:09  30.0   0.0   0.1  70.0   0.0    7   1110   8463   72    6   72 191.79 
15:08:10  29.9   0.0   0.1  70.0   0.0    7   1376   8439   77    6   77 191.38 
15:08:11  29.9   0.0   0.1  70.0   0.0    7   1515   8691   72    6   72 190.60 
15:08:12  30.0   0.0   0.1  70.0   0.0    7   1580   8646   77    6   77 189.96 
15:08:13  29.9   0.0   0.1  69.9   0.1    7   1232   8386   72    6   72 190.45 
  Time    User  Nice   Sys  Idle    IO  Run Ctxt/s  IRQ/s Fork Exec Exit  Watts
15:08:14  30.0   0.0   0.1  69.9   0.0    7   1297   8382   72    6   72 191.93 
15:08:15  30.0   0.0   0.1  70.0   0.0    7   1443   8570   77    6   77 189.49 
15:08:16  29.9   0.0   0.1  70.0   0.0    7   1599   8457   72    6   72 191.01 
15:08:17  29.9   0.0   0.1  70.0   0.0    7   1126   8391   72    6   72 189.90 
15:08:18  30.0   0.0   0.1  70.0   0.0    7   1370   8611   77    6   77 190.99 
15:08:19  30.0   0.0   0.1  69.9   0.1    7   1129   8523   72    6   72 190.93 
15:08:20  29.9   0.0   0.1  70.0   0.0    7   1533   8823   72    6   72 188.22 
15:08:21  29.9   0.0   0.1  70.0   0.0    7   1288   8511   72    6   72 189.48 
15:08:22  29.3   0.0   0.1  70.6   0.0    7   2100   8833   79    8   79 188.01 
15:08:23  29.9   0.0   0.1  70.0   0.0    7   1330   8457   77    6   77 190.78 
15:08:24  29.9   0.0   0.1  70.0   0.0    7   1395   8356   82    6   82 191.14 
15:08:25  30.0   0.0   0.1  69.2   0.8    7   1232   8336   82    6   82 190.71 
15:08:26  29.9   0.0   0.1  67.2   2.9    7   1423   8436   77    6   77 189.23 
15:08:27  30.0   0.0   0.1  70.0   0.0    7   1227   8521   77    6   77 189.09 
15:08:28  30.3   0.0   0.1  69.3   0.3    7   1493   8810   83    6   82 191.50 
15:08:29  29.9   0.0   0.1  70.0   0.0    7   1434   8482   77    6   77 191.34 
15:08:30  30.0   0.0   0.1  70.0   0.0    7   1553   8810   82    6   82 188.99 
15:08:31  30.0   0.0   0.0  69.9   0.0    7   1317   8757   77    6   77 188.58 
15:08:32  30.0   0.0   0.1  70.0   0.0    7   1375   8698   77    6   77 190.09 
15:08:33  30.0   0.0   0.0  70.0   0.0    7   1588   8653   77    6   77 188.02 
15:08:34  29.9   0.0   0.1  70.0   0.0    7   1702   8814   82    6   82 189.00 
15:08:35  29.8   0.0   0.2  70.0   0.0    8   1610   9022   77    6   77 186.89 
15:08:36  29.9   0.0   0.1  70.0   0.0    7   1453   8558   77    6   77 191.58 
  Time    User  Nice   Sys  Idle    IO  Run Ctxt/s  IRQ/s Fork Exec Exit  Watts
15:08:37  30.0   0.0   0.1  69.8   0.2    7   1493   8914   77    6   77 190.57 
15:08:38  29.9   0.0   0.1  70.0   0.0    7   1317   8581   82    6   82 191.59 
15:08:39  30.0   0.0   0.0  70.0   0.0    7   1681   8800   78    6   77 191.38 
15:08:40  30.0   0.0   0.0  70.0   0.0    7   1710   8707   77    6   77 189.38 
15:08:41  29.9   0.0   0.1  70.0   0.0    7   1343   8473   77    6   77 191.07 
15:08:42  29.9   0.0   0.1  70.0   0.0    7   1659   8868   77    6   77 188.68 
15:08:43  29.9   0.0   0.1  70.0   0.1    7   1594   8690   77    6   77 189.86 
15:08:44  30.0   0.0   0.1  70.0   0.0    7   1642   8983   77    6   78 190.34 
15:08:45  29.9   0.0   0.1  70.0   0.0    7   1760   9009   77    6   77 187.60 
15:08:46  29.9   0.0   0.1  70.1   0.0    7   1895   8977   77    6   77 189.30 
15:08:47  29.9   0.0   0.1  70.0   0.0    7   1472   8732   77    6   77 189.60 
15:08:48  29.9   0.0   0.1  70.0   0.0    7   1259   8507   77    6   77 190.04 
15:08:49  29.9   0.0   0.1  70.0   0.0    8   1316   8639   76    5   72 189.71 
15:08:50  30.0   0.0   0.0  69.9   0.1    7   1681   8920   66    1   70 191.31 
15:08:51  30.0   0.0   0.0  70.0   0.0    7   1481   8609   77    6   77 190.85 
15:08:52  30.0   0.0   0.1  70.0   0.0    7   1489   8695   77    6   77 189.99 
15:08:53  30.0   0.0   0.1  69.9   0.1    7   1361   8534   77    6   77 190.90 
15:08:54  29.9   0.0   0.1  70.0   0.0    7   1879   8956   77    6   77 190.93 
15:08:55  29.9   0.0   0.1  70.0   0.0    7   1591   8740   77    6   77 189.07 
15:08:56  30.0   0.0   0.1  69.7   0.2    7   1922   8915   72    6   72 192.01 
15:08:57  29.9   0.0   0.1  70.0   0.0    7   1847   8826   77    6   77 191.00 
15:08:58  30.0   0.0   0.1  70.0   0.0    7   1716   8657   77    6   77 191.51 
15:08:59  29.9   0.0   0.1  70.0   0.0    7   1319   8508   77    6   77 191.66 
  Time    User  Nice   Sys  Idle    IO  Run Ctxt/s  IRQ/s Fork Exec Exit  Watts
15:09:00  29.9   0.0   0.1  69.9   0.0    7   1331   8547   77    6   77 191.98 
15:09:01  29.9   0.0   0.1  70.0   0.0    7   1596   8616   72    6   72 192.22 
15:09:02  30.0   0.0   0.1  69.2   0.8    7   2030   8738   77    6   77 191.60 
15:09:03  29.9   0.0   0.1  70.0   0.0    7   1313   8151   77    6   77 189.45 
15:09:04  30.0   0.0   0.1  70.0   0.0    7   1171   8439   72    6   72 190.00 
15:09:05  29.9   0.0   0.1  70.0   0.0    7   1453   8401   77    6   77 190.15 
15:09:06  29.9   0.0   0.1  70.0   0.0    7   1197   8409   72    6   72 191.27 
15:09:07  29.9   0.0   0.1  70.0   0.0    7   1310   8476   77    6   77 190.91 
15:09:08  29.9   0.0   0.1  69.9   0.1    7   1557   8554   72    6   72 189.90 
15:09:09  29.9   0.0   0.1  70.0   0.0    7   1503   8533   77    6   77 189.48 
15:09:10  30.0   0.0   0.1  70.0   0.0    7   1456   8662   72    6   72 189.36 
15:09:11  29.9   0.0   0.1  70.0   0.0    7   1364   8588   77    6   77 188.36 
15:09:12  30.0   0.0   0.1  70.0   0.0    7   1202   8405   72    6   72 190.89 
15:09:13  29.8   0.0   0.1  70.1   0.0    7   1314   8581   72    6   72 189.76 
15:09:14  30.0   0.0   0.0  69.9   0.1    7   1368   8739   77    6   77 189.86 
15:09:15  30.0   0.0   0.1  69.9   0.0    7   1439   8675   72    6   72 190.57 
15:09:16  30.0   0.0   0.1  70.0   0.0    7   1464   8560   77    6   77 190.27 
15:09:17  29.9   0.0   0.1  70.0   0.0    7   1565   8438   72    6   72 189.96 
15:09:18  30.0   0.0   0.1  70.0   0.0    7   1199   8265   72    6   72 190.31 
15:09:19  29.9   0.0   0.1  70.0   0.0    7   1183   8467   77    6   77 191.16 
15:09:20  30.0   0.0   0.1  69.8   0.2    7   1540   8564   72    6   72 190.58 
15:09:21  29.9   0.0   0.1  70.0   0.0    7   1536   8597   72    6   72 190.72 
15:09:22  30.0   0.0   0.0  70.0   0.0    7   1333   8486   72    6   72 189.13 
  Time    User  Nice   Sys  Idle    IO  Run Ctxt/s  IRQ/s Fork Exec Exit  Watts
15:09:23  29.9   0.0   0.1  70.0   0.0    7   1156   8396   72    6   72 189.35 
15:09:24  29.9   0.0   0.1  70.0   0.0    7   1448   8469   77    6   77 189.26 
15:09:25  29.5   0.0   0.1  70.5   0.0    7   2088   9086   74    8   74 186.70 
15:09:26  30.0   0.0   0.1  69.9   0.1    7   1475   8682   77    6   77 189.78 
15:09:27  29.9   0.0   0.1  70.0   0.0    7   1432   8620   82    6   82 190.31 
15:09:28  30.0   0.0   0.0  70.0   0.0    7   1375   8672   77    6   77 191.18 
15:09:29  29.9   0.0   0.1  70.0   0.0    7   1300   8780   82    6   82 189.91 
15:09:30  30.0   0.0   0.0  70.0   0.0    7   1766   8595   77    6   77 191.04 
15:09:31  30.0   0.0   0.1  70.0   0.0    7   1644   8649   82    6   82 190.08 
15:09:32  29.9   0.0   0.1  69.9   0.2    7   1540   8788   77    6   77 187.57 
15:09:33  29.9   0.0   0.1  70.0   0.0    7   1218   8331   82    6   82 190.37 
15:09:34  29.9   0.0   0.1  70.0   0.0    7   1209   8316   77    6   77 191.49 
15:09:35  29.9   0.0   0.1  70.0   0.0    7   1365   8470   82    6   82 191.43 
15:09:36  29.9   0.0   0.1  70.0   0.0    7   1186   8240   77    6   77 192.72 
15:09:37  30.0   0.0   0.0  70.0   0.0    7   1345   8387   82    6   82 191.02 
15:09:38  29.9   0.0   0.1  69.8   0.1    7   1301   8332   77    6   77 191.25 
15:09:39  30.0   0.0   0.1  70.0   0.0    7   1384   8415   77    6   77 192.53 
15:09:40  29.9   0.0   0.1  70.0   0.0    7   1565   8670   82    6   82 189.45 
15:09:41  30.0   0.0   0.1  70.0   0.0    7   1230   8459   77    6   77 190.32 
15:09:42  30.0   0.0   0.1  70.0   0.0    7   1592   8623   77    6   77 192.79 
15:09:43  29.9   0.0   0.1  70.0   0.0    7   1453   8569   82    6   82 191.85 
15:09:44  29.9   0.0   0.0  70.0   0.1    7   1584   8579   77    6   77 192.38 
15:09:45  30.0   0.0   0.1  69.9   0.0    7   1524   8742   77    6   77 190.61 
  Time    User  Nice   Sys  Idle    IO  Run Ctxt/s  IRQ/s Fork Exec Exit  Watts
15:09:46  29.9   0.0   0.1  70.0   0.0    7   1382   8448   77    6   77 190.28 
15:09:47  29.9   0.0   0.1  70.0   0.0    7   1430   8374   77    6   77 189.80 
15:09:48  29.9   0.0   0.1  70.0   0.0    7   1534   8317   77    6   77 190.38 
15:09:49  30.0   0.0   0.1  70.0   0.0    7   1290   8227   77    6   77 192.51 
15:09:50  29.9   0.0   0.1  69.9   0.1    7   1258   8346   77    6   77 192.03 
15:09:51  29.9   0.0   0.1  70.0   0.0    7   1442   8518   77    6   77 191.21 
15:09:52  30.0   0.0   0.0  70.0   0.0    7   1288   8502   77    6   77 190.19 
15:09:53  30.0   0.0   0.1  69.9   0.0    7   1333   8498   77    6   77 190.06 
15:09:54  30.0   0.0   0.0  70.0   0.0    7   1379   8425   77    6   77 190.04 
15:09:55  29.9   0.0   0.1  70.0   0.0    7   1554   8580   77    6   77 191.20 
15:09:56  29.9   0.0   0.1  69.9   0.1    7   1542   8721   77    6   77 190.14 
15:09:57  30.0   0.0   0.0  70.0   0.0    8   1449   8591   77    6   77 191.59 
15:09:58  29.9   0.0   0.1  70.0   0.0    7   1364   8517   72    6   72 187.70 
15:09:59  29.9   0.0   0.1  70.0   0.0    7   1364   8535   77    6   77 191.02 
15:10:00  30.0   0.0   0.1  70.0   0.0    7   1401   8511   77    6   77 188.69 
15:10:01  29.9   0.0   0.1  69.9   0.1    7   1382   8479   72    6   72 189.76 
15:10:02  30.0   0.0   0.1  69.8   0.2    7   1485   8574   79    6   79 190.93 
15:10:03  29.9   0.0   0.1  70.0   0.0    7   1449   8524   77    6   77 190.11 
15:10:04  29.9   0.0   0.1  69.7   0.3    7   1369   8567   75    9   74 190.40 
15:10:05  29.9   0.0   0.1  70.0   0.0    7   1341   8666   77    6   77 189.19 
15:10:06  30.0   0.0   0.1  70.0   0.0    7   1279   8627   72    6   72 189.96 
15:10:07  29.9   0.0   0.1  70.0   0.0    7   1238   8412   77    6   77 189.79 
15:10:08  29.9   0.0   0.1  70.0   0.0    7   1399   8654   72    6   72 188.06 
  Time    User  Nice   Sys  Idle    IO  Run Ctxt/s  IRQ/s Fork Exec Exit  Watts
15:10:09  29.9   0.0   0.1  69.7   0.4    7   1339   8609   77    6   77 192.80 
15:10:10  29.9   0.0   0.1  70.0   0.0    7   1471   8638   77    6   77 188.12 
15:10:11  30.0   0.0   0.1  70.0   0.0    7   1255   8390   72    6   72 187.22 
15:10:12  29.9   0.0   0.1  70.0   0.0    7   1514   8553   72    6   72 189.95 
15:10:13  29.9   0.0   0.1  70.0   0.0    7   1247   8371   77    6   77 191.67 
15:10:14  30.0   0.0   0.1  70.0   0.0    7   1153   8344   72    6   72 192.02 
15:10:15  29.9   0.0   0.1  69.8   0.2    7   1480   8779   77    6   77 188.14 
15:10:16  30.0   0.0   0.1  69.9   0.0    7   1302   8337   72    6   72 188.84 
15:10:17  30.0   0.0   0.1  70.0   0.0    7   1634   8612   72    6   72 188.88 
15:10:18  29.9   0.0   0.1  70.0   0.0    7   1525   8604   77    6   77 189.61 
15:10:19  29.9   0.0   0.1  70.0   0.0    7   1775   8774   72    6   72 188.03 
15:10:20  30.0   0.0   0.1  69.9   0.1    7   1310   8395   72    6   72 191.33 
15:10:21  29.9   0.0   0.1  70.0   0.0    7   1267   8494   72    6   72 189.81 
15:10:22  29.9   0.0   0.1  70.0   0.0    7   1523   8790   77    6   77 190.84 
15:10:23  30.0   0.0   0.1  70.0   0.0    7   1184   8662   72    6   72 188.47 
15:10:24  29.9   0.0   0.1  70.0   0.0    7   1165   8389   72    6   72 191.18 
15:10:25  30.0   0.0   0.0  69.9   0.0    7   1283   8529   72    6   72 190.32 
15:10:26  30.0   0.0   0.1  69.9   0.1    7   1433   8725   77    6   77 189.61 
15:10:27  29.4   0.0   0.1  70.3   0.2    7   2030   9141   74    8   74 186.88 
15:10:28  30.0   0.0   0.1  70.0   0.0    7   1810   9094   82    6   82 190.28 
15:10:29  30.0   0.0   0.0  70.0   0.0    7   1217   8410   77    6   77 192.20 
15:10:30  29.9   0.0   0.1  70.0   0.0    7   1536   8627   82    6   82 192.31 
15:10:31  29.9   0.0   0.1  70.0   0.0    8   1371   8597   78    6   82 190.23 
  Time    User  Nice   Sys  Idle    IO  Run Ctxt/s  IRQ/s Fork Exec Exit  Watts
15:10:32  29.9   0.0   0.1  69.9   0.1    7   1316   8476   81    6   77 190.17 
15:10:33  30.0   0.0   0.0  69.9   0.0    7   1405   8623   77    6   77 191.57 
15:10:34  29.9   0.0   0.1  70.0   0.0    7   1624   8809   82    6   82 191.85 
15:10:35  30.0   0.0   0.1  70.0   0.0    7   1225   8527   77    6   77 191.36 
15:10:36  29.9   0.0   0.1  70.0   0.0    7   1571   8771   82    6   82 189.92 
15:10:37  30.0   0.0   0.1  70.0   0.0    7   1377   8620   77    6   77 191.16 
15:10:38  30.0   0.0   0.1  69.9   0.1    7   1439   8621   82    6   82 191.89 
15:10:39  29.9   0.0   0.1  70.0   0.0    7   1579   8840   77    6   79 190.48 
15:10:40  29.9   0.0   0.1  70.0   0.0    7   1661   8606   77    6   77 192.91 
15:10:41  29.9   0.0   0.1  70.0   0.0    7   1679   8673   82    6   82 192.30 
15:10:42  30.0   0.0   0.1  70.0   0.0    7   1588   8576   77    6   77 191.78 
15:10:43  29.9   0.0   0.1  70.0   0.0    7   1224   8451   77    6   77 191.44 
15:10:44  29.9   0.0   0.1  69.8   0.1    7   1403   8717   77    6   77 192.58 
15:10:45  29.9   0.0   0.1  70.1   0.0    7   1570   8884   77    6   77 190.39 
15:10:46  30.0   0.0   0.0  70.0   0.0    8   1483   8703   82    6   82 189.74 
15:10:47  29.9   0.0   0.1  70.1   0.0    7   1455   8634   77    6   77 188.43 
15:10:48  29.9   0.0   0.1  70.0   0.0    7   1257   8590   77    6   77 191.04 
15:10:49  29.9   0.0   0.1  70.0   0.0    7   1240   8624   77    6   77 189.22 
15:10:50  30.0   0.0   0.1  69.9   0.1    7   1522   8733   77    6   77 190.67 
15:10:51  30.0   0.0   0.1  70.0   0.0    7   1482   8743   72    6   72 189.43 
15:10:52  29.9   0.0   0.1  70.0   0.0    7   1542   8740   77    6   77 186.78 
15:10:53  30.0   0.0   0.1  70.0   0.0    7   1401   8504   77    6   77 189.85 
15:10:54  29.9   0.0   0.1  70.0   0.0    7   1790   8827   77    6   77 190.09 
  Time    User  Nice   Sys  Idle    IO  Run Ctxt/s  IRQ/s Fork Exec Exit  Watts
15:10:55  29.9   0.0   0.1  70.0   0.1    7   1627   8644   77    6   77 190.54 
15:10:56  30.0   0.0   0.1  70.0   0.0    7   1502   8666   77    6   77 190.27 
15:10:57  29.9   0.0   0.1  70.0   0.0    7   1234   8380   77    6   77 189.44 
15:10:58  29.9   0.0   0.1  70.0   0.0    7   1331   8402   72    6   72 190.40 
15:10:59  30.0   0.0   0.0  70.0   0.0    7   1411   8516   77    6   77 191.41 
15:11:00  30.0   0.0   0.1  70.0   0.0    7   1259   8391   77    6   77 191.54 
15:11:01  29.9   0.0   0.1  70.0   0.1    7   1446   8549   77    6   77 191.42 
15:11:02  29.9   0.0   0.1  70.0   0.0    7   1432   8427   77    6   77 191.18 
15:11:03  29.9   0.0   0.1  70.0   0.0    8   1323   8632   77    6   77 189.86 
15:11:04  29.9   0.0   0.1  70.0   0.0    7   1429   8567   72    6   72 191.35 
15:11:05  30.0   0.0   0.0  70.0   0.0    7   1353   8538   77    6   77 189.14 
15:11:06  30.1   0.0   0.1  69.9   0.0    7   1771   8856   77    6   77 189.91 
15:11:07  30.0   0.0   0.0  69.8   0.1    7   1336   8613   72    6   72 188.55 
15:11:08  29.9   0.0   0.1  70.0   0.0    7   1353   8425   77    6   77 190.29 
15:11:09  30.0   0.0   0.1  70.0   0.0    7   1714   8703   72    6   72 189.88 
15:11:10  29.9   0.0   0.1  70.1   0.0    7   1565   8872   77    6   77 188.89 
15:11:11  30.0   0.0   0.1  70.0   0.0    7   1556   8874   72    6   72 190.63 
15:11:12  30.0   0.0   0.1  70.0   0.0    7   2065   9052   77    6   77 188.76 
15:11:13  29.9   0.0   0.1  69.8   0.1    7   1837   8791   72    6   72 189.56 
15:11:14  30.0   0.0   0.1  70.0   0.0    7   1679   8857   72    6   72 190.05 
15:11:15  29.9   0.0   0.1  70.0   0.0    7   1847   8942   77    6   77 190.33 
15:11:16  29.9   0.0   0.1  70.0   0.0    7   1560   8670   72    6   73 190.56 
15:11:17  29.9   0.0   0.1  70.0   0.0    7   1801   8669   77    6   77 190.31 
  Time    User  Nice   Sys  Idle    IO  Run Ctxt/s  IRQ/s Fork Exec Exit  Watts
15:11:18  29.9   0.0   0.1  70.0   0.0    7   1800   8779   72    6   72 190.36 
15:11:19  29.9   0.0   0.1  69.9   0.1    8   1563   8748   71    5   67 191.53 
15:11:20  29.9   0.0   0.1  70.0   0.0    7   1851   8887   71    1   75 188.88 
15:11:21  29.9   0.0   0.1  70.0   0.0    7   1413   8698   72    6   72 189.27 
15:11:22  30.0   0.0   0.0  70.0   0.0    7   1656   8722   72    6   72 189.93 
15:11:23  29.9   0.0   0.1  70.0   0.0    8   1484   8541   77    6   77 191.05 
15:11:24  30.0   0.0   0.1  70.0   0.0    7   1537   8509   72    6   72 190.65 
15:11:25  29.9   0.0   0.1  69.9   0.1    7   1702   8695   72    6   72 191.10 
15:11:26  29.9   0.0   0.1  70.0   0.0    7   1645   8581   77    6   77 191.01 
15:11:27  29.9   0.0   0.1  70.0   0.0    7   1263   8305   72    6   72 190.19 
15:11:28  30.0   0.0   0.1  70.0   0.0    7   1522   8668   72    6   72 190.65 
15:11:29  29.9   0.0   0.1  70.1   0.0    7   1293   8607   72    6   72 188.12 
15:11:30  30.0   0.0   0.1  70.0   0.0    7   1522   8592   72    6   72 187.38 
15:11:31  29.4   0.0   0.1  70.5   0.1    7   2042   8943   79    8   79 188.71 
15:11:32  29.9   0.0   0.1  70.1   0.0    7   1545   8591   82    6   82 190.97 
15:11:33  29.9   0.0   0.1  70.0   0.0    7   1534   8557   82    6   82 191.31 
15:11:34  29.9   0.0   0.1  70.0   0.0    7   1300   8300   77    6   77 192.30 
15:11:35  30.0   0.0   0.1  70.0   0.0    7   1474   8516   82    6   82 192.20 
15:11:36  29.9   0.0   0.1  69.8   0.1    7   1424   8481   82    6   82 191.87 
15:11:37  29.9   0.0   0.1  70.0   0.0    7   1372   8533   77    6   77 191.17 
15:11:38  29.9   0.0   0.1  70.0   0.0    7   1625   8666   82    6   82 192.81 
15:11:39  29.9   0.0   0.1  70.0   0.0    7   1248   8582   77    6   77 189.86 
15:11:40  30.0   0.0   0.0  70.0   0.0    7   1272   8586   77    6   77 190.26 
  Time    User  Nice   Sys  Idle    IO  Run Ctxt/s  IRQ/s Fork Exec Exit  Watts
15:11:41  29.9   0.0   0.1  70.0   0.0    7   1353   8635   82    6   82 191.24 
15:11:42  30.0   0.0   0.1  69.9   0.1    7   1408   8707   77    6   77 189.59 
15:11:43  29.9   0.0   0.1  70.0   0.0    7   1332   8614   82    6   82 190.44 
15:11:44  29.8   0.0   0.1  70.1   0.0    7   1512   8880   77    6   77 187.64 
15:11:45  29.9   0.0   0.1  70.0   0.0    7   1353   8522   77    6   77 191.23 
15:11:46  29.9   0.0   0.1  70.0   0.0    7   1530   8458   77    6   77 191.27 
15:11:47  29.9   0.0   0.1  70.0   0.0    7   1462   8529   77    6   77 191.41 
15:11:48  29.9   0.0   0.1  70.0   0.1    7   1527   8721   82    6   82 189.82 
15:11:49  29.9   0.0   0.2  70.0   0.0    7   1196   8389   77    6   77 190.00 
15:11:50  29.9   0.0   0.1  70.0   0.0    7   1363   8490   77    6   77 192.08 
15:11:51  29.9   0.0   0.1  70.0   0.0    7   1347   8567   77    6   77 189.98 
15:11:52  29.9   0.0   0.1  70.0   0.0    7   1447   8662   77    6   77 188.07 
15:11:53  30.0   0.0   0.1  70.0   0.0    7   1960   8873   77    6   77 189.05 
15:11:54  29.9   0.0   0.1  69.8   0.2    7   1555   8496   77    6   77 189.86 
15:11:55  29.9   0.0   0.1  70.0   0.0    7   1334   8523   77    6   77 190.31 
15:11:56  29.9   0.0   0.1  70.0   0.0    7   1375   8348   77    6   77 190.25 
15:11:57  29.9   0.0   0.1  70.0   0.0    7   1319   8496   77    6   77 189.08 
15:11:58  30.0   0.0   0.0  70.0   0.0    7   1460   8465   77    6   77 190.49 
15:11:59  29.9   0.0   0.1  70.1   0.0    7   1473   8800   77    6   77 189.78 
15:12:00  29.9   0.0   0.1  69.9   0.1    7   1384   8354   77    6   77 190.96 
15:12:01  29.9   0.0   0.1  70.0   0.1    7   1210   8350   73    6   72 189.52 
15:12:02  30.0   0.0   0.1  70.0   0.0    7   1224   8355   77    6   77 192.49 
15:12:03  29.9   0.0   0.1  70.0   0.0    7   1190   8596   77    6   77 190.29 
  Time    User  Nice   Sys  Idle    IO  Run Ctxt/s  IRQ/s Fork Exec Exit  Watts
15:12:04  29.9   0.0   0.1  70.0   0.0    7   1410   8692   77    6   77 188.44 
15:12:05  29.9   0.0   0.1  70.0   0.1    7   1446   8589   77    6   77 189.08 
15:12:06  30.0   0.0   0.1  70.0   0.0    7   1483   8747   72    6   72 186.44 
15:12:07  29.9   0.0   0.1  70.0   0.0    7   1326   8575   77    6   77 188.84 
15:12:08  29.9   0.0   0.1  70.0   0.0    7   1288   8497   72    6   72 189.27 
15:12:09  30.0   0.0   0.1  70.0   0.0    7   1293   8473   77    6   77 191.81 
15:12:10  29.9   0.0   0.1  70.0   0.0    7   1214   8345   77    6   77 191.89 
15:12:11  29.9   0.0   0.1  69.8   0.1    8   1475   8637   77    6   77 192.14 
15:12:12  29.9   0.0   0.1  70.0   0.0    7   1276   8336   72    6   72 191.54 
15:12:13  30.0   0.0   0.0  70.0   0.0    7   1222   8428   77    6   77 190.45 
15:12:14  29.9   0.0   0.1  70.0   0.0    7   1245   8357   72    6   72 190.15 
15:12:15  29.9   0.0   0.1  70.0   0.0    7   1380   8571   77    6   77 190.55 
15:12:16  30.0   0.0   0.0  70.0   0.0    7   1287   8316   77    6   77 190.58 
15:12:17  30.0   0.0   0.1  69.9   0.1    7   1509   8615   72    6   73 188.01 
15:12:18  29.9   0.0   0.1  70.0   0.0    7   1586   8565   77    6   77 191.00 
15:12:19  29.9   0.0   0.1  70.0   0.0    7   1151   8361   72    6   72 190.36 
15:12:20  29.9   0.0   0.1  70.0   0.0    8   1192   8345   77    6   77 191.97 
15:12:21  30.0   0.0   0.1  70.0   0.0    7   1545   8659   72    6   72 192.19 
15:12:22  30.0   0.0   0.1  70.0   0.0    7   1372   8488   77    6   77 192.57 
15:12:23  29.9   0.0   0.1  70.0   0.1    7   1175   8342   72    6   72 190.91 
15:12:24  29.9   0.0   0.1  70.0   0.0    7   1592   8782   72    6   72 188.31 
15:12:25  29.9   0.0   0.1  70.0   0.0    7   1402   8634   77    6   77 189.33 
15:12:26  29.9   0.0   0.1  70.0   0.0    7   1353   8452   72    6   72 188.24 
  Time    User  Nice   Sys  Idle    IO  Run Ctxt/s  IRQ/s Fork Exec Exit  Watts
15:12:27  30.0   0.0   0.1  70.0   0.0    7   1335   8478   73    6   72 190.87 
15:12:28  29.9   0.0   0.1  70.0   0.0    7   1256   8526   72    6   72 191.75 
15:12:29  29.9   0.0   0.1  69.9   0.2    7   1279   8538   77    6   77 191.21 
15:12:30  30.0   0.0   0.1  70.0   0.0    7   1389   8744   72    6   72 190.51 
15:12:31  29.9   0.0   0.1  70.0   0.0    7   1459   8978   72    6   72 189.95 
15:12:32  29.9   0.0   0.1  70.0   0.0    7   1173   8432   72    6   72 191.06 
15:12:33  29.9   0.0   0.1  70.0   0.0    7   1287   8450   72    6   72 189.03 
15:12:34  29.9   0.0   0.1  70.0   0.0    7   1522   8769   77    6   77 190.76 
15:12:35  29.4   0.0   0.1  70.5   0.1    7   1721   8884   74    8   74 186.02 
15:12:36  30.0   0.0   0.1  70.0   0.0    7   1475   8834   77    6   77 190.81 
15:12:37  29.9   0.0   0.2  70.0   0.0    7   1437   8777   82    6   82 191.75 
15:12:38  29.9   0.0   0.1  70.0   0.0    7   1514   8858   77    6   77 189.16 
15:12:39  29.9   0.0   0.1  70.0   0.0    7   1738   8818   82    6   82 189.62 
15:12:40  29.9   0.0   0.1  70.0   0.0    7   1436   8508   77    6   77 191.85 
15:12:41  30.0   0.0   0.1  69.9   0.1    7   1560   8691   82    6   82 190.84 
15:12:42  29.9   0.0   0.1  70.0   0.0    7   1275   8332   77    6   77 191.30 
15:12:43  29.9   0.0   0.1  70.0   0.0    7   1530   8540   82    6   82 191.72 
15:12:44  29.9   0.0   0.1  70.0   0.0    7   1611   8622   77    6   77 190.79 
15:12:45  29.9   0.0   0.1  70.0   0.0    7   1781   8823   82    6   82 190.15 
15:12:46  30.0   0.0   0.1  70.0   0.0    7   1323   8517   77    6   77 191.34 
15:12:47  29.9   0.0   0.1  69.8   0.2    7   1535   8641   82    6   82 190.90 
15:12:48  29.9   0.0   0.1  70.0   0.0    7   1341   8525   77    6   77 191.91 
15:12:49  30.0   0.0   0.0  70.0   0.0    7   1521   8559   77    6   77 191.30 
  Time    User  Nice   Sys  Idle    IO  Run Ctxt/s  IRQ/s Fork Exec Exit  Watts
15:12:50  30.0   0.0   0.1  70.0   0.0    7   1462   8495   82    6   82 191.49 
15:12:51  29.9   0.0   0.1  70.0   0.0    7   1372   8566   77    6   77 191.31 
15:12:52  29.9   0.0   0.1  70.1   0.0    7   1596   8687   77    6   77 189.29 
15:12:53  30.0   0.0   0.1  69.9   0.1    7   1204   8298   77    6   77 191.20 
15:12:54  29.9   0.0   0.1  70.0   0.0    7   1438   8565   82    6   82 191.05 
15:12:55  29.9   0.0   0.1  70.0   0.0    7   1264   8446   77    6   77 192.03 
15:12:56  29.9   0.0   0.1  70.0   0.0    7   1578   8647   77    6   77 189.19 
15:12:57  30.0   0.0   0.1  70.0   0.0    7   1228   8507   77    6   77 189.68 
15:12:58  29.9   0.0   0.1  70.0   0.0    7   1493   8706   77    6   77 189.30 
15:12:59  29.9   0.0   0.1  69.9   0.1    7   1351   8612   77    6   77 190.04 
15:13:00  29.9   0.0   0.1  70.0   0.0    7   1372   8527   77    6   77 190.38 
15:13:01  30.0   0.0   0.1  70.0   0.0    7   1502   8612   77    6   77 190.70 
15:13:02  30.0   0.0   0.1  70.0   0.0    7   1281   8510   77    6   77 190.87 
15:13:03  29.9   0.0   0.1  70.0   0.0    7   1593   8718   77    6   77 188.32 
15:13:04  29.9   0.0   0.1  70.0   0.0    7   1289   8491   77    6   77 192.32 
15:13:05  29.9   0.0   0.1  69.9   0.2    7   1485   8684   77    6   77 191.82 
15:13:06  29.9   0.0   0.1  70.0   0.0    7   1409   8547   77    6   77 187.82 
15:13:07  30.0   0.0   0.1  70.0   0.0    7   1283   8886   72    6   72 189.58 
15:13:08  29.9   0.0   0.1  70.0   0.0    7   1199   8436   77    6   77 190.15 
15:13:09  29.9   0.0   0.1  70.0   0.0    7   1193   8368   77    6   77 189.55 
15:13:10  30.0   0.0   0.1  70.0   0.0    7   1187   8166   77    6   77 190.56 
15:13:11  30.0   0.0   0.1  69.9   0.1    7   1207   8216   72    6   72 192.59 
15:13:12  29.9   0.0   0.1  70.0   0.0    7   1165   8256   77    6   77 191.77 
  Time    User  Nice   Sys  Idle    IO  Run Ctxt/s  IRQ/s Fork Exec Exit  Watts
15:13:13  29.9   0.0   0.1  70.0   0.0    7   1458   8717   77    6   77 189.05 
15:13:14  29.9   0.0   0.1  70.0   0.0    7   1664   8780   72    6   72 189.87 
15:13:15  30.0   0.0   0.1  70.0   0.0    7   1422   8676   77    6   77 191.26 
15:13:16  29.9   0.0   0.1  70.0   0.0    7   1359   8552   77    6   77 191.11 
15:13:17  29.9   0.0   0.1  69.9   0.2    7   1346   8534   72    6   72 188.25 
15:13:18  29.9   0.0   0.1  70.0   0.0    7   1508   8803   77    6   77 191.24 
15:13:19  29.9   0.0   0.1  70.0   0.0    7   1210   8661   77    6   77 190.67 
15:13:20  29.9   0.0   0.1  70.0   0.0    7   1202   8368   72    6   72 188.76 
15:13:21  29.9   0.0   0.1  70.0   0.0    7   1666   8604   72    6   72 188.40 
15:13:22  30.0   0.0   0.0  70.0   0.0    7   1476   8598   77    6   77 191.54 
15:13:23  29.9   0.0   0.1  69.9   0.1    7   1567   8604   72    6   72 188.99 
15:13:24  29.9   0.0   0.1  70.0   0.0    7   1453   8666   77    6   77 188.76 
15:13:25  30.0   0.0   0.1  70.0   0.0    7   1197   8476   72    6   72 191.36 
15:13:26  29.9   0.0   0.1  70.0   0.0    7   1398   8587   77    6   77 190.73 
15:13:27  29.9   0.0   0.1  70.0   0.0    7   1398   8561   72    6   72 190.10 
15:13:28  29.9   0.0   0.1  70.0   0.0    7   1341   8430   72    6   72 191.79 
15:13:29  29.9   0.0   0.1  70.0   0.1    7   1483   8604   77    6   77 189.79 
15:13:30  30.0   0.0   0.1  69.9   0.0    7   1587   8695   72    6   72 188.02 
15:13:31  29.9   0.0   0.1  70.0   0.0    7   1194   8373   72    6   72 190.58 
15:13:32  29.9   0.0   0.1  70.0   0.0    7   1302   8446   72    6   72 188.86 
15:13:33  29.9   0.0   0.1  70.0   0.0    7   1329   8591   72    6   72 187.23 
15:13:34  30.0   0.0   0.1  70.0   0.0    7   1236   8550   72    6   72 190.68 
15:13:35  29.9   0.0   0.1  69.9   0.1    7   1373   8576   77    6   77 189.07 
  Time    User  Nice   Sys  Idle    IO  Run Ctxt/s  IRQ/s Fork Exec Exit  Watts
15:13:36  30.0   0.0   0.1  70.0   0.0    7   1572   8709   72    6   72 189.00 
15:13:37  29.9   0.0   0.1  70.0   0.0    7   1630   8834   72    6   72 189.44 
15:13:38  30.0   0.0   0.0  70.0   0.0    7   1441   8660   72    6   72 188.40 
15:13:39  29.4   0.0   0.1  70.5   0.0    7   1921   8860   79    8   79 186.00 
15:13:40  29.9   0.0   0.1  69.7   0.3    7   1516   8555   77    6   77 189.43 
15:13:41  29.9   0.0   0.1  68.8   1.2    7   1662   8747   82    6   82 189.71 
15:13:42  30.0   0.0   0.1  69.9   0.0    7   1420   8417   77    6   77 189.29 
15:13:43  29.9   0.0   0.1  70.0   0.0    8   1563   8665   82    6   82 191.02 
15:13:44  30.0   0.0   0.1  70.0   0.0    7   1215   8448   77    6   77 191.99 
15:13:45  29.9   0.0   0.1  70.0   0.0    7   1591   8789   82    6   82 189.14 
15:13:46  29.9   0.0   0.1  70.0   0.1    7   1515   8700   77    6   77 190.46 
15:13:47  30.0   0.0   0.1  70.0   0.0    7   1653   8674   82    6   82 190.61 
15:13:48  29.9   0.0   0.1  70.0   0.0    7   1655   8731   77    6   77 190.70 
15:13:49  30.0   0.0   0.1  70.0   0.0    7   1526   8698   77    6   77 191.12 
15:13:50  30.0   0.0   0.0  70.0   0.0    8   1184   8515   77    1   77 188.84 
15:13:51  29.9   0.0   0.1  70.0   0.0    7   1234   8566   75    5   75 189.93 
15:13:52  29.9   0.0   0.1  70.0   0.0    7   1474   8634   77    6   77 190.90 
15:13:53  29.9   0.0   0.1  70.0   0.1    7   1385   8561   77    6   77 187.93 
15:13:54  29.9   0.0   0.1  70.0   0.0    7   1675   8711   82    6   82 192.11 
15:13:55  30.0   0.0   0.1  69.9   0.0    7   1448   8375   77    6   77 191.06 
15:13:56  30.0   0.0   0.1  70.0   0.0    7   1307   8230   77    6   77 192.07 
15:13:57  30.0   0.0   0.1  70.0   0.0    8   1370   8540   82    6   82 190.75 
15:13:58  30.0   0.0   0.1  70.0   0.0    7   1365   8458   77    6   77 187.83 
  Time    User  Nice   Sys  Idle    IO  Run Ctxt/s  IRQ/s Fork Exec Exit  Watts
15:13:59  29.9   0.0   0.1  69.9   0.1    7   1229   8497   77    6   77 190.34 
15:14:00  30.0   0.0   0.1  70.0   0.0    7   1455   8726   77    6   77 189.43 
15:14:01  29.9   0.0   0.1  70.0   0.0    7   1246   8534   77    6   77 191.75 
15:14:02  30.0   0.0   0.1  70.0   0.0    7   1359   8503   77    6   77 190.29 
15:14:03  29.9   0.0   0.1  70.0   0.0    7   1327   8472   77    6   77 190.88 
15:14:04  29.9   0.0   0.1  70.0   0.0    7   1587   8516   77    6   77 190.54 
15:14:05  30.0   0.0   0.0  69.9   0.1    7   1258   8358   77    6   77 190.90 
15:14:06  30.0   0.0   0.1  70.0   0.0    7   1312   8451   77    6   77 190.21 
15:14:07  29.9   0.0   0.1  70.0   0.0    7   1260   8392   77    6   77 190.08 
15:14:08  29.9   0.0   0.1  70.0   0.0    7   1298   8518   77    6   77 191.08 
15:14:09  30.0   0.0   0.1  70.0   0.0    7   1557   8610   77    6   77 189.74 
15:14:10  30.0   0.0   0.1  70.0   0.0    7   1194   8460   72    6   72 185.41 
15:14:11  29.9   0.0   0.1  69.9   0.1    7   1180   8659   72    6   72 186.53 
15:14:12  29.9   0.0   0.1  70.0   0.0    7   1427   8772   77    6   77 188.24 
15:14:13  30.0   0.0   0.1  70.0   0.0    7   1505   8475   77    6   77 188.65 
15:14:14  30.0   0.0   0.1  70.0   0.0    7   1404   8555   72    6   72 190.35 
15:14:15  29.9   0.0   0.1  70.0   0.0    7   1315   8363   77    6   77 188.43 
15:14:16  30.0   0.0   0.1  70.0   0.0    7   1330   8477   77    6   77 188.96 
15:14:17  30.0   0.0   0.1  67.2   2.8    7   1400   8469   72    6   72 189.56 
15:14:18  29.9   0.0   0.1  69.9   0.0    7   1547   8570   77    6   77 188.85 
15:14:19  30.0   0.0   0.1  69.9   0.0    7   1234   8558   72    6   72 187.12 
15:14:20  29.9   0.0   0.1  70.0   0.0    7   1413   8589   77    6   77 189.12 
15:14:21  29.9   0.0   0.1  70.0   0.0    7   1376   8486   72    6   72 188.76 
  Time    User  Nice   Sys  Idle    IO  Run Ctxt/s  IRQ/s Fork Exec Exit  Watts
15:14:22  30.0   0.0   0.1  70.0   0.0    7   1599   8705   74    6   77 188.69 
15:14:23  30.0   0.0   0.1  69.9   0.1    7   1355   8528   75    6   72 191.45 
15:14:24  29.9   0.0   0.1  70.0   0.0    7   1697   8688   72    6   72 187.42 
15:14:25  30.0   0.0   0.1  70.0   0.0    7   1307   8475   77    6   77 185.06 
15:14:26  29.9   0.0   0.1  70.0   0.0    7   1332   8549   67    6   67 184.24 
15:14:27  30.0   0.0   0.1  70.0   0.0    7   1203   8476   77    6   77 190.61 
15:14:28  30.0   0.0   0.1  70.0   0.0    7   1138   8309   77    6   77 192.40 
15:14:29  29.9   0.0   0.1  69.9   0.1    7   1237   8361   72    6   72 191.50 
15:14:30  30.0   0.0   0.1  70.0   0.0    7   1306   8433   72    6   72 190.10 
15:14:31  29.9   0.0   0.1  70.0   0.0    7   1171   8390   77    6   77 191.45 
15:14:32  29.9   0.0   0.1  70.0   0.0    7   1239   8507   72    6   72 188.96 
15:14:33  29.9   0.0   0.1  70.0   0.0    7   1099   8384   72    6   72 190.44 
15:14:34  29.9   0.0   0.1  70.0   0.0    7   1376   8598   77    6   77 190.04 
15:14:35  29.9   0.0   0.1  69.9   0.1    7   1314   8709   72    6   72 186.79 
15:14:36  30.0   0.0   0.1  70.0   0.0    7   1143   8291   72    6   72 187.41 
15:14:37  30.0   0.0   0.0  69.9   0.0    7   1099   8276   72    6   72 190.24 
15:14:38  30.0   0.0   0.1  70.0   0.0    7   1262   8420   72    6   72 190.90 
15:14:39  29.9   0.0   0.1  70.0   0.0    7   1518   8688   72    6   72 184.52 
15:14:40  29.9   0.0   0.1  70.0   0.0    7   1079   8209   72    6   72 187.54 
15:14:41  29.9   0.0   0.1  69.9   0.1    7   1146   8446   72    6   72 188.33 
15:14:42  30.0   0.0   0.0  70.0   0.0    7   1639   8813   72    6   72 188.58 
15:14:43  29.9   0.0   0.1  70.0   0.0    7   1452   8770   72    6   72 187.56 
15:14:44  29.3   0.0   0.1  70.6   0.0    7   1558   8475   74    8   74 181.96 
  Time    User  Nice   Sys  Idle    IO  Run Ctxt/s  IRQ/s Fork Exec Exit  Watts
15:14:45  30.1   0.0   0.1  69.9   0.0    7   1316   8461   77    6   77 191.18 
15:14:46  29.9   0.0   0.1  70.0   0.0    7   1647   8907   77    6   77 184.69 
15:14:47  29.9   0.0   0.1  69.9   0.1    7   1371   8556   82    6   82 189.36 
15:14:48  30.0   0.0   0.1  70.0   0.0    7   1257   8611   77    6   77 191.35 
15:14:49  30.0   0.0   0.1  70.0   0.0    7   1219   8527   82    6   82 192.22 
15:14:50  30.0   0.0   0.1  70.0   0.0    7   1341   8522   77    6   77 190.09 
15:14:51  29.9   0.0   0.1  70.0   0.0    7   1441   8888   82    6   82 187.00 
15:14:52  30.0   0.0   0.1  70.0   0.0    7   1299   8690   77    6   77 186.13 
15:14:53  30.0   0.0   0.1  69.8   0.1    7   1180   8670   77    6   77 190.27 
15:14:54  30.0   0.0   0.1  70.0   0.0    7   1331   8478   77    6   77 188.44 
15:14:55  30.0   0.0   0.1  70.0   0.0    7   1288   8648   77    6   77 189.37 
15:14:56  30.0   0.0   0.1  70.0   0.0    7   1477   8711   82    6   82 190.76 
15:14:57  29.9   0.0   0.1  70.0   0.0    7   1192   8576   77    6   77 186.67 
15:14:58  30.0   0.0   0.1  70.0   0.0    7   1269   8404   77    6   77 189.17 
15:14:59  29.9   0.0   0.1  69.9   0.2    7   1307   8704   77    6   77 184.36 
15:15:00  30.0   0.0   0.1  69.9   0.0    7   1266   8735   77    6   77 189.90 
15:15:01  30.0   0.0   0.1  69.9   0.0    7   1205   8532   77    6   77 188.34 
15:15:02  30.0   0.0   0.1  69.9   0.0    7   1537   8866   80    8   80 190.98 
15:15:03  29.9   0.0   0.1  70.0   0.0    7   1299   8513   77    6   77 188.72 
15:15:04  30.0   0.0   0.1  68.8   1.1    7   1296   8775   79    6   79 188.63 
15:15:05  29.9   0.0   0.1  70.0   0.0    7   1521   8884   77    6   77 188.87 
15:15:06  29.9   0.0   0.1  70.0   0.0    7   1325   8583   77    6   77 187.92 
15:15:07  30.0   0.0   0.1  70.0   0.0    7   1248   8640   72    6   72 183.16 
  Time    User  Nice   Sys  Idle    IO  Run Ctxt/s  IRQ/s Fork Exec Exit  Watts
15:15:08  29.9   0.0   0.1  70.0   0.0    7   1431   8856   77    6   77 183.74 
15:15:09  30.0   0.0   0.0  69.9   0.0    7   1208   8672   72    6   72 187.02 
15:15:10  29.9   0.0   0.1  69.8   0.2    7   1371   8635   77    6   77 189.03 
15:15:11  30.0   0.0   0.1  70.0   0.0    7   1491   8805   77    6   77 186.12 
15:15:12  30.0   0.0   0.1  70.0   0.0    3   1250   8586   72    6   72 188.07 
15:15:13  29.9   0.0   0.1  70.1   0.0    7   1423   8787   77    6   77 187.35 
15:15:14  29.9   0.0   0.1  70.0   0.0    7   1327   8655   77    6   77 189.88 
15:15:15  30.0   0.0   0.1  69.9   0.0    7   1197   8653   77    6   77 189.07 
15:15:16  29.9   0.0   0.1  69.8   0.2    7   1207   8588   72    6   72 188.75 
15:15:17  29.9   0.0   0.1  70.0   0.0    7   1450   8881   77    6   77 188.46 
15:15:18  29.9   0.0   0.1  70.0   0.0    7   1630   8898   77    6   77 188.55 
15:15:19  29.9   0.0   0.1  70.0   0.0    7   1304   8842   72    6   72 181.37 
15:15:20  29.9   0.0   0.1  70.0   0.0    7   1274   8579   72    6   72 187.59 
15:15:21  30.0   0.0   0.1  69.8   0.1    7   1251   8615   77    6   77 189.63 
15:15:22  30.0   0.0   0.1  70.0   0.0    7   1201   8490   77    6   77 192.39 
15:15:23  30.0   0.0   0.1  69.9   0.0    7   1363   8696   72    6   72 188.29 
15:15:24  30.0   0.0   0.1  70.0   0.0    7   1300   8542   77    6   77 191.20 
15:15:25  30.0   0.0   0.1  70.0   0.0    7   1234   8519   72    6   72 188.56 
15:15:26  30.0   0.0   0.1  70.0   0.0    7   1572   8629   77    6   77 189.58 
15:15:27  30.0   0.0   0.1  68.2   1.7    7   1329   8542   73    6   77 190.28 
15:15:28  29.9   0.0   0.1  69.0   1.1    7   1141   8401   76    6   72 189.00 
15:15:29  29.9   0.0   0.1  70.0   0.0    7   1238   8540   72    6   72 189.27 
15:15:30  30.0   0.0   0.1  70.0   0.0    7   1412   8660   77    6   77 190.21 
  Time    User  Nice   Sys  Idle    IO  Run Ctxt/s  IRQ/s Fork Exec Exit  Watts
15:15:31  30.0   0.0   0.1  69.9   0.0    7   1179   8577   77    6   77 190.08 
15:15:32  30.0   0.0   0.1  70.0   0.0    7   1176   8590   72    6   72 187.63 
15:15:33  30.0   0.0   0.0  69.8   0.1    7   1106   8473   72    6   72 192.50 
15:15:34  29.9   0.0   0.1  70.0   0.0    7   1241   8548   77    6   78 191.48 
15:15:35  30.0   0.0   0.1  70.0   0.0    7   1144   8484   77    6   77 190.78 
15:15:36  30.0   0.0   0.1  69.9   0.0    7   1155   8593   72    6   72 189.65 
15:15:37  29.9   0.0   0.1  70.0   0.0    7   1079   8572   72    6   72 187.28 
15:15:38  29.9   0.0   0.1  70.0   0.0    7   1267   8605   72    6   72 188.44 
15:15:39  29.9   0.0   0.1  69.9   0.1    7   1302   8755   72    6   72 187.04 
15:15:40  30.0   0.0   0.0  69.9   0.0    7   1304   8673   77    6   77 189.73 
15:15:41  29.9   0.0   0.1  70.0   0.0    7   1486   8744   72    6   72 187.05 
15:15:42  30.0   0.0   0.1  69.9   0.0    7   1299   8651   72    6   72 188.46 
15:15:43  29.4   0.0   0.1  70.4   0.2    7   2010   9103   74    8   74 182.91 
15:15:44  29.9   0.0   0.1  70.0   0.0    7   1704   8927   82    6   82 188.20 
15:15:45  29.9   0.0   0.1  70.0   0.0    7   1435   8635   77    6   77 188.44 
15:15:46  30.0   0.0   0.1  70.0   0.0    7   1229   8590   77    6   77 187.92 
15:15:47  30.0   0.0   0.1  70.0   0.0    7   1379   8771   82    6   82 188.47 
15:15:48  29.9   0.0   0.1  69.9   0.1    7   1460   8792   77    6   77 188.82 
15:15:49  30.0   0.0   0.1  69.9   0.0    7   1309   8691   82    6   82 191.26 
15:15:50  30.0   0.0   0.1  70.0   0.0    7   1224   8537   77    6   77 190.06 
15:15:51  29.9   0.0   0.1  70.0   0.0    7   1672   8799   77    6   77 188.49 
15:15:52  30.0   0.0   0.1  69.9   0.0    7   1460   8605   77    6   77 186.76 
15:15:53  29.9   0.0   0.1  69.9   0.2    7   1691   8990   77    6   77 187.15 
  Time    User  Nice   Sys  Idle    IO  Run Ctxt/s  IRQ/s Fork Exec Exit  Watts
15:15:54  30.0   0.0   0.1  70.0   0.0    7   1469   8724   77    6   77 187.31 
15:15:55  29.9   0.0   0.1  70.0   0.0    7   1392   8706   77    6   77 186.24 
15:15:56  29.9   0.0   0.1  70.0   0.0    7   1420   8920   77    6   77 184.50 
15:15:57  30.0   0.0   0.0  69.9   0.0    7   1155   8500   77    6   77 189.52 
15:15:58  30.0   0.0   0.1  70.0   0.0    7   1426   8672   77    6   77 188.42 
15:15:59  29.9   0.0   0.1  69.8   0.3    7   1490   8775   77    6   77 187.32 
15:16:00  29.9   0.0   0.1  70.0   0.0    7   1534   8970   77    6   77 186.38 
15:16:01  29.9   0.0   0.1  70.0   0.0    7   1926   9246   77    6   77 186.44 
15:16:02  29.9   0.0   0.1  70.0   0.0    7   1480   8645   77    6   77 187.49 
15:16:03  30.0   0.0   0.1  70.0   0.0    7   1608   8719   77    6   77 190.50 
15:16:04  30.0   0.0   0.0  69.9   0.0    7   1546   8790   77    6   77 189.07 
15:16:05  29.9   0.0   0.1  69.6   0.4    7   1707   8937   77    6   77 188.32 
15:16:06  30.0   0.0   0.1  70.0   0.0    7   1433   8999   72    6   72 186.81 
15:16:07  30.0   0.0   0.1  70.0   0.0    7   1540   9177   77    6   77 188.72 
15:16:08  30.0   0.0   0.1  70.0   0.0    7   1547   8919   77    6   77 187.11 
15:16:09  29.9   0.0   0.1  70.0   0.0    7   1159   8552   72    6   72 186.98 
15:16:10  30.0   0.0   0.1  69.9   0.1    7   1517   8822   77    6   77 187.51 
15:16:11  30.0   0.0   0.1  70.0   0.0    7   1273   8763   77    6   77 186.78 
15:16:12  29.9   0.0   0.1  70.0   0.0    7   1269   8510   72    6   72 188.77 
15:16:13  29.9   0.0   0.1  70.0   0.0    7   1349   8643   77    6   77 188.18 
15:16:14  29.9   0.0   0.1  70.0   0.0    7   1645   8922   77    6   77 187.98 
15:16:15  30.0   0.0   0.1  70.0   0.0    7   1324   8707   72    6   72 184.61 
15:16:16  30.0   0.0   0.1  69.8   0.1    7   1584   8768   77    6   77 188.64 
  Time    User  Nice   Sys  Idle    IO  Run Ctxt/s  IRQ/s Fork Exec Exit  Watts
15:16:17  29.9   0.0   0.1  70.0   0.0    7   1280   8707   72    6   72 186.48 
15:16:18  30.0   0.0   0.0  70.0   0.0    7   1239   8516   77    6   77 189.75 
-------- ----- ----- ----- ----- ----- ---- ------ ------ ---- ---- ---- ------ 
 Average  29.9   0.0   0.1  70.0   0.1  7.0 1419.3 8581.1 75.9  6.0 75.9 189.28 
 GeoMean  29.7   0.0   0.0  70.0   0.0  7.0 1406.0 8570.8 75.4  6.0 75.1 189.01 
  StdDev   1.4   0.0   0.2   1.2   0.2  0.3  200.1  338.7  5.5  0.5  5.8   7.14 
-------- ----- ----- ----- ----- ----- ---- ------ ------ ---- ---- ---- ------ 
 Minimum   0.5   0.0   0.0  67.2   0.0  3.0  430.0 3027.0  6.0  1.0  2.0  46.97 
 Maximum  30.3   0.0   4.6  94.9   2.9  8.0 3127.0 9246.0 83.0  9.0 82.0 214.74 
-------- ----- ----- ----- ----- ----- ---- ------ ------ ---- ---- ---- ------ 
Summary:
CPU: 189.28 Watts on average with standard deviation 7.14  
Note: power read from RAPL domains: uncore, pkg-0, core.
These readings do not cover all the hardware in this device.
