Running for 60.0 seconds (60 samples at 1.0 second intervals).
Power measurements will start in 0 seconds time.

  Time    User  Nice   Sys  Idle    IO  Run Ctxt/s  IRQ/s Fork Exec Exit  Watts
15:25:18   2.4   0.0   2.8  94.8   0.0    2   3515   3084   10    1    0  49.73 
15:25:19   0.1   0.0   5.0  95.0   0.0    2   1574   1870    0    0    0  45.47 
15:25:20  27.2   0.0   0.4  72.3   0.0    8    909   7415   30    0   25 187.33 
15:25:21  29.9   0.0   0.1  70.0   0.0    7   1409   8552   65    0   65 172.14 
15:25:22  29.9   0.0   0.0  68.2   1.9    7   1605   8559   65    0   65 173.82 
15:25:23  29.9   0.0   0.1  70.0   0.1    7   1608   8426   70    0   70 173.34 
15:25:24  29.8   0.0   0.0  70.2   0.0    7   1390   8703   68    0   65 173.72 
15:25:25  29.9   0.0   0.1  70.0   0.0    7   1786   8551   65    0   65 174.69 
15:25:26  29.9   0.0   0.1  70.0   0.0    7   1526   8452   70    0   70 174.91 
15:25:27  29.9   0.0   0.1  70.0   0.0    7   1438   8315   65    0   65 175.83 
15:25:28  29.9   0.0   0.0  70.0   0.0    7   1544   8525   65    0   65 175.74 
15:25:29  30.0   0.0   0.0  70.0   0.0    7   1285   8059   65    0   65 175.88 
15:25:30  29.9   0.0   0.0  70.1   0.0    7   1776   8531   70    0   70 175.65 
15:25:31  29.9   0.0   0.1  70.0   0.0    7   1644   8596   65    0   65 177.48 
15:25:32  29.9   0.0   0.1  70.1   0.0    7   1550   8329   65    0   65 175.69 
15:25:33  29.9   0.0   0.0  70.1   0.0    7   1617   8649   65    0   65 175.80 
15:25:34  29.9   0.0   0.0  70.0   0.0    7   1584   8838   65    0   65 176.82 
15:25:35  29.9   0.0   0.1  70.0   0.1    7   1707   8535   65    0   65 174.38 
15:25:36  29.9   0.0   0.0  70.0   0.0    7   1959   8672   65    0   66 176.54 
15:25:37  29.9   0.0   0.0  70.1   0.0    7   1975   8914   65    0   65 174.72 
15:25:38  29.9   0.0   0.0  70.1   0.0    7   1700   8613   65    0   65 175.18 
15:25:39  29.9   0.0   0.1  70.0   0.0    7   1374   8419   65    0   65 176.28 
15:25:40  29.8   0.0   0.1  70.1   0.0    7   1173   8297   65    0   65 177.14 
  Time    User  Nice   Sys  Idle    IO  Run Ctxt/s  IRQ/s Fork Exec Exit  Watts
15:25:41  29.8   0.0   0.1  70.1   0.0    7   1286   8412   65    0   65 177.27 
15:25:42  29.9   0.0   0.1  70.0   0.0    7   1335   8497   65    0   65 177.18 
15:25:43  29.9   0.0   0.0  70.1   0.1    7   1025   8138   65    0   65 177.67 
15:25:44  29.9   0.0   0.0  70.1   0.0    7   1145   8144   65    0   65 177.65 
15:25:45  29.9   0.0   0.0  70.0   0.0    7   1453   8301   65    0   65 177.70 
15:25:46  29.9   0.0   0.0  70.1   0.0    7   1448   8512   65    0   65 176.28 
15:25:47  29.8   0.0   0.1  69.9   0.2    7   1103   8143   60    0   60 176.08 
15:25:48  29.9   0.0   0.1  70.1   0.0    7   1319   8262   65    0   65 177.80 
15:25:49  29.9   0.0   0.0  70.1   0.0    7   1212   8624   65    0   65 178.39 
15:25:50  29.9   0.0   0.0  70.1   0.0    7   1333   8284   65    0   65 177.49 
15:25:51  29.9   0.0   0.0  70.0   0.0    7   1409   8455   60    0   60 178.31 
15:25:52  29.9   0.0   0.0  70.1   0.0    7   1570   8542   65    0   65 178.78 
15:25:53  29.9   0.0   0.1  69.7   0.4    7   1653   8505   65    0   65 177.00 
15:25:54  29.9   0.0   0.0  70.0   0.0    7   1419   8400   60    0   60 178.06 
15:25:55  29.9   0.0   0.1  70.1   0.0    7   1270   8338   65    0   65 177.15 
15:25:56  29.9   0.0   0.0  70.1   0.0    7    974   8219   60    0   60 175.12 
15:25:57  29.9   0.0   0.1  70.0   0.0    7   1241   8339   65    0   65 177.05 
15:25:58  29.9   0.0   0.0  70.1   0.0    7   1049   8188   60    0   60 178.04 
15:25:59  29.9   0.0   0.0  70.1   0.0    7   1383   8277   65    0   65 178.31 
15:26:00  30.0   0.0   0.0  70.0   0.0    7   1316   8281   60    0   60 176.73 
15:26:01  29.9   0.0   0.0  70.1   0.0    7   1509   8460   65    0   65 177.19 
15:26:02  29.9   0.0   0.1  70.0   0.0    7    958   8195   60    0   60 176.04 
15:26:03  29.9   0.0   0.0  70.0   0.0    7   1206   8148   65    0   65 178.47 
  Time    User  Nice   Sys  Idle    IO  Run Ctxt/s  IRQ/s Fork Exec Exit  Watts
15:26:04  29.9   0.0   0.1  70.0   0.0    7   1296   8274   60    0   60 178.70 
15:26:05  29.8   0.0   0.1  70.0   0.1    7   1121   8220   65    0   65 177.10 
15:26:06  29.9   0.0   0.1  70.1   0.0    7    957   7977   60    0   60 177.03 
15:26:07  29.8   0.0   0.1  70.1   0.0    7   1385   8462   60    0   60 177.84 
15:26:08  29.9   0.0   0.1  70.1   0.0    7   1454   8316   65    0   65 179.76 
15:26:09  29.9   0.0   0.0  70.0   0.0    7   1037   8169   60    0   60 179.18 
15:26:10  29.9   0.0   0.0  70.0   0.0    7   1331   8508   65    0   65 177.63 
15:26:11  29.9   0.0   0.1  70.1   0.0    7    967   8146   60    0   60 179.52 
15:26:12  29.9   0.0   0.0  70.1   0.0    7   1414   8404   60    0   60 177.43 
15:26:13  29.9   0.0   0.1  70.0   0.0    7   1112   8166   65    0   65 180.03 
15:26:14  29.9   0.0   0.1  70.0   0.0    7    922   8121   60    0   60 178.44 
15:26:15  29.9   0.0   0.0  70.0   0.1    7   1142   8290   60    0   60 178.76 
15:26:16  29.9   0.0   0.1  70.1   0.0    7   1074   8281   65    0   65 180.39 
15:26:17  27.5   0.0   0.1  72.4   0.0    7   1867   8139   57    2   57 166.44 
-------- ----- ----- ----- ----- ----- ---- ------ ------ ---- ---- ---- ------ 
 Average  28.9   0.0   0.2  70.9   0.0  6.8 1405.7 8167.4 61.3  0.1 61.0 172.60 
 GeoMean  25.7   0.0   0.0  70.8   0.0  6.7 1366.3 8019.8  0.0  0.0  0.0 169.32 
  StdDev   5.2   0.0   0.7   4.5   0.2  0.9  378.2 1086.5 11.7  0.3 12.7  23.35 
-------- ----- ----- ----- ----- ----- ---- ------ ------ ---- ---- ---- ------ 
 Minimum   0.1   0.0   0.0  68.2   0.0  2.0  909.0 1870.0  0.0  0.0  0.0  45.47 
 Maximum  30.0   0.0   5.0  95.0   1.9  8.0 3515.0 8914.0 70.0  2.0 70.0 187.33 
-------- ----- ----- ----- ----- ----- ---- ------ ------ ---- ---- ---- ------ 
Summary:
CPU: 172.60 Watts on average with standard deviation 23.35 
Note: power read from RAPL domains: uncore, pkg-0, core.
These readings do not cover all the hardware in this device.
