Running for 600.0 seconds (600 samples at 1.0 second intervals).
Power measurements will start in 0 seconds time.

  Time    User  Nice   Sys  Idle    IO  Run Ctxt/s  IRQ/s Fork Exec Exit  Watts
20:33:47   1.6   0.0   3.6  94.2   0.7    2   2813   3043   10    1    0  48.38 
20:33:48   0.0   0.0   5.0  95.0   0.0    2    896   1455    0    0    0  45.18 
20:33:49   0.1   0.0   4.9  95.0   0.0    2    870   1444    0    0    0  44.69 
20:33:50  23.3   0.0   0.3  76.4   0.0    8   2682   7853  102    0   95 137.42 
20:33:51  29.6   0.0   0.2  70.2   0.0    8   3252   9662  170    0  170 165.43 
20:33:52  29.6   0.0   0.1  70.0   0.3    7   3204   9749  165    0  165 164.47 
20:33:53  29.7   0.0   0.1  70.2   0.0    7   3336   9607  170    0  170 166.20 
20:33:54  29.7   0.0   0.1  70.2   0.0    7   3977  10094  165    0  165 168.55 
20:33:55  29.7   0.0   0.1  70.2   0.0    7   3579   9728  165    0  165 166.73 
20:33:56  29.7   0.0   0.2  70.2   0.0    7   3203   9606  165    0  165 166.06 
20:33:57  29.7   0.0   0.1  70.2   0.0    7   3542   9791  160    0  160 165.73 
20:33:58  29.7   0.0   0.1  70.2   0.0    7   2629   9469  160    0  160 164.26 
20:33:59  29.7   0.0   0.1  70.3   0.0    7   2652   9562  160    0  160 165.87 
20:34:00  29.8   0.0   0.1  70.2   0.0    8   3450   9957  160    0  160 165.52 
20:34:01  29.8   0.0   0.1  70.1   0.0    7   3408  10210  150    0  150 163.55 
20:34:02  29.8   0.0   0.0  70.1   0.0    7   3588  10084  155    0  155 166.38 
20:34:03  29.7   0.0   0.1  70.2   0.0    7   3336  10020  155    0  155 165.49 
20:34:04  29.8   0.0   0.1  70.1   0.0    7   3387  10043  150    0  150 163.96 
20:34:05  29.8   0.0   0.1  70.0   0.1    7   3133   9657  155    0  155 168.73 
20:34:06  29.8   0.0   0.1  70.1   0.0    7   3552  10185  150    0  150 167.61 
20:34:07  28.1   0.0   0.2  71.7   0.1    7   4051  10469  147    2  147 159.39 
20:34:08  29.8   0.0   0.1  70.2   0.0    7   3335   9924  170    0  170 166.71 
20:34:09  29.6   0.0   0.2  70.2   0.0    7   4069  10456  170    0  170 169.78 
  Time    User  Nice   Sys  Idle    IO  Run Ctxt/s  IRQ/s Fork Exec Exit  Watts
20:34:10  29.8   0.0   0.1  70.2   0.0    7   3547  10144  170    0  170 171.27 
20:34:11  29.9   0.0   0.0  70.2   0.0    7   3765  10260  170    0  170 171.15 
20:34:12  29.8   0.0   0.1  70.1   0.0    7   3586  10290  170    0  170 171.99 
20:34:13  29.6   0.0   0.2  69.9   0.4    7   3477  10353  160    0  160 167.92 
20:34:14  29.7   0.0   0.1  70.3   0.0    7   3107  10077  160    0  160 168.35 
20:34:15  29.7   0.0   0.1  70.2   0.0    7   2938  10032  160    0  160 168.77 
20:34:16  29.7   0.0   0.1  70.2   0.0    7   3266  10106  160    0  160 167.21 
20:34:17  29.8   0.0   0.1  70.1   0.0    7   3187   9975  155    0  155 170.05 
20:34:18  29.8   0.0   0.1  70.2   0.0    7   3334  10107  160    0  160 168.48 
20:34:19  29.7   0.0   0.1  70.2   0.0    7   3384  10048  150    0  150 167.98 
20:34:20  29.7   0.0   0.1  66.9   3.3    7   3369  10109  155    0  155 168.51 
20:34:21  28.4   0.0   0.1  71.2   0.3    7   3518   9866  157    2  157 164.71 
20:34:22  29.6   0.0   0.1  70.3   0.0    7   3437  10188  170    0  170 169.75 
20:34:23  29.8   0.0   0.1  70.2   0.0    7   3559  10378  170    0  170 172.23 
20:34:24  29.7   0.0   0.1  70.2   0.0    7   3484  10195  165    0  165 170.64 
20:34:25  29.7   0.0   0.1  70.1   0.2    7   3549  10157  165    0  165 171.54 
20:34:26  29.8   0.0   0.1  70.0   0.0    7   3927  10551  165    0  165 170.61 
20:34:27  29.8   0.0   0.1  70.1   0.0    7   3828  10385  170    0  170 174.19 
20:34:28  29.7   0.0   0.1  70.2   0.0    7   3673  10219  165    0  165 173.89 
20:34:29  29.6   0.0   0.1  70.3   0.0    7   3331   9828  160    0  160 170.95 
20:34:30  29.6   0.0   0.2  70.2   0.0    7   3140   9794  160    0  160 170.11 
20:34:31  29.8   0.0   0.1  70.2   0.0    7   3072   9723  155    0  155 170.84 
20:34:32  29.7   0.0   0.2  70.1   0.0    7   3422   9901  160    0  160 169.91 
  Time    User  Nice   Sys  Idle    IO  Run Ctxt/s  IRQ/s Fork Exec Exit  Watts
20:34:33  29.8   0.0   0.1  70.2   0.0    7   3201   9916  150    0  150 168.84 
20:34:34  29.8   0.0   0.1  70.2   0.0    7   3123   9935  155    0  155 169.89 
20:34:35  29.8   0.0   0.1  70.1   0.1    7   3150   9871  150    0  150 169.10 
20:34:36  29.9   0.0   0.1  70.1   0.0    7   3279  10046  155    0  155 170.67 
20:34:37  28.2   0.0   0.1  71.7   0.0    7   3550  10514  142    2  142 162.69 
20:34:38  29.7   0.0   0.1  70.2   0.1    7   3142  10123  170    0  170 170.85 
20:34:39  29.8   0.0   0.1  70.2   0.0    7   3795  10422  170    0  170 170.96 
20:34:40  29.7   0.0   0.1  70.2   0.0    7   3426  10284  160    0  160 169.03 
20:34:41  29.8   0.0   0.1  70.1   0.0    7   3822  10269  165    0  165 169.87 
20:34:42  29.7   0.0   0.1  70.2   0.0    7   3107   9663  160    0  160 168.52 
20:34:43  29.8   0.0   0.1  70.0   0.1    7   3198   9674  165    0  165 172.55 
20:34:44  29.7   0.0   0.1  70.2   0.0    7   3351   9776  165    0  165 173.98 
20:34:45  29.8   0.0   0.1  70.1   0.1    7   3761  10325  160    0  160 171.37 
20:34:46  29.8   0.0   0.1  70.2   0.0    7   3549  10052  160    0  160 174.30 
20:34:47  29.7   0.0   0.1  70.2   0.0    7   3254   9621  160    0  160 171.70 
20:34:48  29.8   0.0   0.1  70.1   0.0    7   3322   9826  155    0  155 170.76 
20:34:49  29.8   0.0   0.1  70.1   0.0    7   3629  10217  155    0  155 169.78 
20:34:50  29.8   0.0   0.1  70.0   0.1    7   3695  10286  155    0  155 172.19 
20:34:51  29.7   0.0   0.1  70.2   0.0    7   3471  10005  155    0  155 172.33 
20:34:52  29.8   0.0   0.1  70.1   0.0    7   3454  10083  150    0  150 169.24 
20:34:53  28.3   0.0   0.1  71.7   0.0    7   4265  10166  157    2  157 165.89 
20:34:54  29.7   0.0   0.1  70.2   0.0    7   4235  10995  175    0  175 176.61 
20:34:55  29.7   0.0   0.1  70.2   0.0    7   3842  10464  170    0  170 174.71 
  Time    User  Nice   Sys  Idle    IO  Run Ctxt/s  IRQ/s Fork Exec Exit  Watts
20:34:56  29.7   0.0   0.1  70.2   0.0    7   3790  10619  165    0  165 170.09 
20:34:57  29.8   0.0   0.1  70.2   0.0    7   3460  10322  165    0  165 171.54 
20:34:58  29.6   0.0   0.1  70.3   0.0    7   3476  10342  165    0  165 172.45 
20:34:59  29.8   0.0   0.1  70.1   0.0    7   3462  10195  160    0  160 172.33 
20:35:00  29.7   0.0   0.1  70.2   0.0    7   3642  10175  165    0  165 173.05 
20:35:01  29.7   0.0   0.1  70.3   0.0    8   3583  10121  160    0  160 170.91 
20:35:02  29.7   0.0   0.1  70.0   0.2    7   3657  10300  163    2  163 173.51 
20:35:03  29.7   0.0   0.2  70.2   0.0    7   3493   9896  155    0  155 171.43 
20:35:04  29.7   0.0   0.1  70.2   0.0    7   3535  10001  155    0  155 171.36 
20:35:05  28.2   0.0   0.1  71.7   0.0    7   4117  10909  147    2  147 162.38 
20:35:06  29.8   0.0   0.1  70.2   0.0    7   3466  10112  170    0  170 174.36 
20:35:07  29.7   0.0   0.1  70.2   0.0    7   4556  10739  170    0  170 173.37 
20:35:08  29.7   0.0   0.1  70.1   0.1    7   3895  10360  165    0  165 171.41 
20:35:09  29.8   0.0   0.1  70.2   0.0    7   3485  10111  175    0  175 176.53 
20:35:10  29.8   0.0   0.1  70.2   0.0    7   3195   9923  165    0  165 171.93 
20:35:11  29.6   0.0   0.1  70.3   0.0    7   4652  10992  160    0  160 171.62 
20:35:12  29.7   0.0   0.1  70.2   0.0    7   3835  10425  165    0  165 171.92 
20:35:13  29.7   0.0   0.1  70.2   0.0    7   3529  10076  160    0  160 173.60 
20:35:14  29.8   0.0   0.1  70.2   0.0    7   2968   9848  160    0  160 172.79 
20:35:15  29.8   0.0   0.1  70.1   0.0    7   3082   9752  160    0  160 171.68 
20:35:16  29.8   0.0   0.1  70.1   0.0    7   3060   9660  160    0  160 172.87 
20:35:17  29.6   0.0   0.1  70.3   0.0    7   3179   9940  150    0  150 170.03 
20:35:18  29.8   0.0   0.1  70.2   0.0    7   2697   9505  160    0  160 172.00 
  Time    User  Nice   Sys  Idle    IO  Run Ctxt/s  IRQ/s Fork Exec Exit  Watts
20:35:19  29.7   0.0   0.1  70.2   0.0    7   3157   9927  150    0  150 171.81 
20:35:20  29.9   0.0   0.0  70.0   0.1    7   3089   9838  155    0  155 172.74 
20:35:21  29.7   0.0   0.1  70.2   0.0    7   3286  10051  155    0  155 172.63 
20:35:22  29.7   0.0   0.1  70.2   0.0    8   3112  10289  150    0  150 171.21 
20:35:23  28.0   0.0   0.1  71.9   0.0    8   3935  10148  142    2  142 160.72 
20:35:24  29.6   0.0   0.1  70.3   0.0    7   3376   9800  170    0  170 170.94 
20:35:25  29.8   0.0   0.1  70.2   0.0    7   3414   9870  170    0  170 173.94 
20:35:26  29.7   0.0   0.1  70.2   0.0    7   3715  10185  165    0  165 170.30 
20:35:27  29.7   0.0   0.1  70.0   0.2    7   3501   9852  165    0  165 175.21 
20:35:28  29.8   0.0   0.1  70.2   0.0    7   3616  10009  170    0  170 174.64 
20:35:29  29.7   0.0   0.1  70.2   0.0    7   3266   9760  165    0  166 174.20 
20:35:30  29.7   0.0   0.1  70.2   0.0    7   3598  10050  160    0  160 173.09 
20:35:31  29.8   0.0   0.1  70.2   0.0    7   3286   9844  165    0  165 174.14 
20:35:32  29.8   0.0   0.0  70.1   0.0    7   2695   9368  160    0  160 173.12 
20:35:33  29.8   0.0   0.1  70.1   0.0    7   3245   9729  160    0  160 172.33 
20:35:34  29.7   0.0   0.1  70.2   0.0    7   3141   9716  160    0  160 173.19 
20:35:35  29.8   0.0   0.1  70.1   0.0    8   2979   9538  155    0  155 172.39 
20:35:36  29.8   0.0   0.1  70.1   0.0   11   3376   9904  155    0  155 171.84 
20:35:37  29.8   0.0   0.1  70.2   0.0    7   3390   9765  155    0  155 174.15 
20:35:38  28.1   0.0   0.1  71.8   0.0    7   4045   9926  157    2  157 164.43 
20:35:39  29.6   0.0   0.1  70.3   0.0    7   3617  10185  170    0  170 174.26 
20:35:40  29.7   0.0   0.1  70.1   0.1    7   3833  10341  175    0  175 175.54 
20:35:41  29.7   0.0   0.1  70.1   0.0    7   3168   9588  165    0  165 173.75 
  Time    User  Nice   Sys  Idle    IO  Run Ctxt/s  IRQ/s Fork Exec Exit  Watts
20:35:42  29.8   0.0   0.1  70.2   0.0    7   3018   9614  165    0  165 172.67 
20:35:43  29.8   0.0   0.1  70.2   0.0    7   3138   9675  170    0  170 173.47 
20:35:44  29.7   0.0   0.1  70.3   0.0    7   2881   9516  160    0  160 170.81 
20:35:45  29.7   0.0   0.1  70.2   0.0    7   3128  10000  160    0  160 173.30 
20:35:46  29.7   0.0   0.1  70.2   0.0    7   3112   9835  165    0  165 172.91 
20:35:47  29.7   0.0   0.1  70.2   0.0    7   3299  10019  160    0  160 173.35 
20:35:48  29.7   0.0   0.1  70.2   0.0    7   3126   9978  155    0  155 171.43 
20:35:49  29.7   0.0   0.1  70.2   0.0    7   3221   9962  155    0  155 173.29 
20:35:50  29.6   0.0   0.1  70.2   0.1    7   3362  10033  155    0  155 168.58 
20:35:51  28.2   0.0   0.2  71.7   0.0    7   3658   9744  152    2  152 164.99 
20:35:52  29.7   0.0   0.1  70.2   0.0    7   3310  10083  175    0  175 174.45 
20:35:53  29.8   0.0   0.1  70.1   0.0    7   3875  10565  165    0  165 171.67 
20:35:54  29.7   0.0   0.0  70.3   0.0    7   3455  10282  165    0  165 170.60 
20:35:55  29.7   0.0   0.1  70.2   0.0    8   3713  10220  165    0  165 173.40 
20:35:56  29.7   0.0   0.1  70.2   0.0    7   3454  10157  160    0  160 171.01 
20:35:57  29.7   0.0   0.1  70.1   0.1    9   3618  10263  165    0  165 172.08 
20:35:58  29.7   0.0   0.1  70.2   0.0    7   3193   9802  160    0  160 172.24 
20:35:59  29.8   0.0   0.1  70.2   0.0    7   3729  10312  155    0  155 167.92 
20:36:00  29.7   0.0   0.1  70.2   0.0    7   3251  10241  160    0  160 171.63 
20:36:01  29.8   0.0   0.1  70.2   0.0    7   3460  10317  155    0  155 171.07 
20:36:02  28.2   0.0   0.1  71.6   0.0    7   3549  10620  157    2  157 163.42 
20:36:03  29.7   0.0   0.1  70.3   0.0    7   3841  10464  170    0  170 171.46 
20:36:04  29.7   0.0   0.1  70.2   0.0    7   3819  10461  165    0  165 171.11 
  Time    User  Nice   Sys  Idle    IO  Run Ctxt/s  IRQ/s Fork Exec Exit  Watts
20:36:05  29.7   0.0   0.1  70.2   0.0    7   4119  10714  170    0  170 174.12 
20:36:06  29.8   0.0   0.1  70.1   0.0    7   3883  10569  165    0  165 173.45 
20:36:07  29.7   0.0   0.1  70.2   0.0    7   3518  10133  165    0  165 172.94 
20:36:08  29.6   0.0   0.1  70.3   0.1    7   3139   9755  160    0  160 170.80 
20:36:09  29.6   0.0   0.1  70.3   0.0    7   3789  10104  155    0  155 169.50 
20:36:10  29.8   0.0   0.1  70.1   0.0    7   3525  10160  160    0  160 171.34 
20:36:11  29.8   0.0   0.1  70.2   0.0    7   3263   9902  155    0  155 169.14 
20:36:12  29.8   0.0   0.1  70.2   0.0    7   3455   9986  160    0  160 172.05 
20:36:13  29.7   0.0   0.1  70.2   0.0    7   3356  10178  155    0  155 170.58 
20:36:14  29.7   0.0   0.2  70.0   0.1    7   3089   9886  150    0  150 169.45 
20:36:15  29.8   0.0   0.1  70.1   0.0    7   3562   9927  155    0  155 171.78 
20:36:16  29.9   0.0   0.0  70.1   0.0    7   3106   9701  155    0  155 173.68 
20:36:17  28.2   0.0   0.2  71.6   0.0    7   4289  10258  157    2  157 166.33 
20:36:18  29.8   0.0   0.1  70.2   0.0    7   3095   9797  170    0  170 172.38 
20:36:19  29.8   0.0   0.1  70.2   0.0    7   3625  10134  165    0  165 171.88 
20:36:20  29.7   0.0   0.1  70.1   0.2    7   3682  10171  165    0  165 170.51 
20:36:21  29.7   0.0   0.1  70.2   0.0    7   3269   9877  160    0  160 170.65 
20:36:22  29.8   0.0   0.1  70.2   0.0    7   2795   9473  160    0  160 169.34 
20:36:23  29.7   0.0   0.1  70.2   0.0    7   3022   9886  165    0  165 171.29 
20:36:24  29.7   0.0   0.1  70.2   0.0    7   3454   9998  155    0  155 171.21 
20:36:25  29.7   0.0   0.1  70.2   0.0    7   3204   9863  160    0  160 169.11 
20:36:26  29.8   0.0   0.1  70.1   0.0    7   3339  10208  155    0  155 170.56 
20:36:27  29.7   0.0   0.1  70.2   0.0    6   3341   9896  155    0  155 171.85 
  Time    User  Nice   Sys  Idle    IO  Run Ctxt/s  IRQ/s Fork Exec Exit  Watts
20:36:28  29.8   0.0   0.1  70.2   0.0    7   3198   9979  155    0  155 168.57 
20:36:29  29.7   0.0   0.1  70.3   0.0    8   3415  10421  155    0  155 169.53 
20:36:30  29.8   0.0   0.0  70.2   0.0    7   3018   9816  155    0  155 171.18 
20:36:31  29.9   0.0   0.1  70.1   0.0    7   3234  10084  150    0  150 171.04 
20:36:32  29.7   0.0   0.1  70.3   0.0    7   3130   9727  150    0  150 169.32 
20:36:33  29.8   0.0   0.1  70.2   0.0    3   3195   9785  145    0  150 167.43 
20:36:34  28.2   0.0   0.1  71.7   0.0    7   4149  10189  162    2  157 166.75 
20:36:35  29.7   0.0   0.1  70.2   0.1    8   3507   9916  170    0  170 172.73 
20:36:36  29.8   0.0   0.1  70.2   0.0    7   3479   9633  170    0  170 173.62 
20:36:37  29.7   0.0   0.1  70.2   0.0    7   3946  10079  170    0  170 176.00 
20:36:38  29.7   0.0   0.1  70.3   0.0    8   3317   9770  165    0  165 170.84 
20:36:39  29.7   0.0   0.1  70.2   0.0    7   3297   9731  165    0  165 173.63 
20:36:40  29.8   0.0   0.1  70.2   0.0    7   2979   9493  165    0  165 171.85 
20:36:41  29.6   0.0   0.1  70.3   0.0    7   3065   9493  160    0  160 173.02 
20:36:42  29.6   0.0   0.1  70.3   0.0    7   3146   9471  160    0  160 170.54 
20:36:43  29.8   0.0   0.1  70.2   0.0    7   3226   9419  160    0  160 172.05 
20:36:44  29.9   0.0   0.0  70.1   0.0    7   3330   9804  160    0  160 171.82 
20:36:45  29.7   0.0   0.1  70.2   0.0    7   3148   9618  155    0  155 171.10 
20:36:46  29.6   0.0   0.2  70.2   0.0    7   3032   9667  155    0  155 170.88 
20:36:47  29.7   0.0   0.1  70.2   0.0    7   3263   9569  150    0  150 170.83 
20:36:48  28.3   0.0   0.1  71.6   0.0    7   3413   9370  167    2  167 168.26 
20:36:49  29.8   0.0   0.1  70.2   0.0    7   3153   9594  170    0  170 173.30 
20:36:50  29.7   0.0   0.2  68.8   1.4    7   2554   9346  165    0  165 170.98 
  Time    User  Nice   Sys  Idle    IO  Run Ctxt/s  IRQ/s Fork Exec Exit  Watts
20:36:51  29.6   0.0   0.1  69.2   1.1    7   2756   9289  170    0  170 174.23 
20:36:52  29.8   0.0   0.1  70.1   0.0    7   2840   9564  170    0  170 175.03 
20:36:53  29.9   0.0   0.0  70.1   0.0    7   2949   9489  170    0  170 174.10 
20:36:54  30.1   0.0   0.1  69.4   0.3    7   2916   9556  166    0  165 175.78 
20:36:55  29.8   0.0   0.1  70.1   0.0    7   3631   9950  160    0  160 172.66 
20:36:56  29.7   0.0   0.1  70.3   0.0    7   3542   9983  160    0  160 171.78 
20:36:57  29.8   0.0   0.1  70.2   0.0    7   3534  10038  160    0  160 173.10 
20:36:58  29.8   0.0   0.1  70.1   0.0    7   2990   9453  160    0  160 175.17 
20:36:59  29.8   0.0   0.1  70.2   0.0    7   3023   9634  155    0  155 169.73 
20:37:00  29.7   0.0   0.1  70.2   0.0    7   3026   9626  155    0  155 170.41 
20:37:01  29.7   0.0   0.1  70.2   0.0    7   3210   9722  155    0  155 172.57 
20:37:02  29.9   0.0   0.0  70.1   0.0    7   2966   9655  150    0  150 170.66 
20:37:03  29.6   0.0   0.2  70.2   0.0    7   3048   9729  155    0  155 173.15 
20:37:04  28.2   0.0   0.2  71.4   0.3    7   3695  10016  157    2  157 165.66 
20:37:05  29.7   0.0   0.1  70.2   0.0    7   3508  10063  165    0  165 169.74 
20:37:06  29.6   0.0   0.1  70.3   0.0    8   3505   9984  170    0  170 172.07 
20:37:07  29.6   0.0   0.1  70.3   0.0    7   2864   9635  165    0  167 172.14 
20:37:08  29.8   0.0   0.1  70.2   0.0    7   3429   9980  170    0  170 173.06 
20:37:09  29.8   0.0   0.1  70.0   0.1    7   3420  10143  160    0  160 171.89 
20:37:10  29.6   0.0   0.1  70.3   0.0    7   3387  10003  160    0  161 169.76 
20:37:11  29.7   0.0   0.1  70.2   0.0    7   3916  10326  161    0  160 171.70 
20:37:12  29.8   0.0   0.1  70.2   0.0    7   2782   9666  160    0  160 170.33 
20:37:13  29.9   0.0   0.1  70.1   0.0    7   3401  10025  155    0  155 168.27 
  Time    User  Nice   Sys  Idle    IO  Run Ctxt/s  IRQ/s Fork Exec Exit  Watts
20:37:14  29.9   0.0   0.0  70.0   0.0    7   3121   9761  155    0  155 169.22 
20:37:15  30.0   0.0   0.0  69.9   0.0    7   2619   9244  165    0  165 176.55 
20:37:16  29.8   0.0   0.1  70.2   0.0    7   3236   9822  155    0  155 172.02 
20:37:17  29.8   0.0   0.2  70.1   0.0    7   3081   9695  150    0  150 170.20 
20:37:18  28.3   0.0   0.1  71.6   0.0    3   3388   9975  147    2  152 160.08 
20:37:19  29.8   0.0   0.1  70.1   0.0    7   3338  10124  170    0  165 170.33 
20:37:20  29.8   0.0   0.1  69.6   0.4    7   3254  10221  160    0  160 169.28 
20:37:21  29.8   0.0   0.1  70.0   0.0    7   2800   9624  170    0  170 171.79 
20:37:22  29.8   0.0   0.1  70.1   0.0    7   3734  10346  155    0  155 167.58 
20:37:23  29.8   0.0   0.1  70.2   0.0    7   3405   9926  160    0  160 168.09 
20:37:24  29.7   0.0   0.1  70.2   0.0    7   3060   9841  155    0  155 166.05 
20:37:25  29.9   0.0   0.1  70.1   0.0    7   2969   9754  155    0  155 167.19 
20:37:26  29.7   0.0   0.2  70.1   0.0    7   3344  10082  155    0  155 167.76 
20:37:27  29.8   0.0   0.1  70.2   0.0    7   3128  10022  155    0  155 167.40 
20:37:28  29.8   0.0   0.1  70.2   0.0    7   3338  10146  155    0  155 169.74 
20:37:29  28.2   0.0   0.2  71.7   0.0    7   3748  10175  152    2  152 159.51 
20:37:30  29.9   0.0   0.0  70.1   0.0    7   3007   9454  165    0  165 172.23 
20:37:31  29.7   0.0   0.2  70.2   0.0    7   3348   9932  165    0  165 170.48 
20:37:32  29.8   0.0   0.1  70.1   0.0    7   3700   9886  165    0  165 170.84 
20:37:33  29.7   0.0   0.1  70.2   0.0    7   3449  10042  160    0  160 168.06 
20:37:34  29.9   0.0   0.1  69.9   0.2    7   3098   9620  160    0  160 170.39 
20:37:35  29.6   0.0   0.2  70.2   0.0    7   3025   9607  160    0  160 167.35 
20:37:36  29.9   0.0   0.1  70.1   0.0    7   3263   9775  150    0  150 164.92 
  Time    User  Nice   Sys  Idle    IO  Run Ctxt/s  IRQ/s Fork Exec Exit  Watts
20:37:37  29.8   0.0   0.1  70.1   0.1    7   3297   9820  155    0  155 168.07 
20:37:38  29.9   0.0   0.1  70.1   0.0    7   2654   9310  160    0  160 171.24 
20:37:39  29.9   0.0   0.1  70.0   0.0    7   3073   9535  150    0  150 168.34 
20:37:40  28.6   0.0   0.1  71.3   0.0    2   3665  10511  142    2  148 159.97 
20:37:41  29.3   0.0   0.1  70.6   0.0    7   3451   9855  160    0  155 165.61 
20:37:42  29.8   0.0   0.1  70.1   0.0    7   2845   9567  170    0  170 171.03 
20:37:43  29.8   0.0   0.2  70.0   0.0    8   3145   9675  165    0  165 168.38 
20:37:44  29.8   0.0   0.1  70.1   0.0    7   3484  10174  160    0  160 170.86 
20:37:45  29.8   0.0   0.1  70.0   0.0    8   3232   9895  165    0  165 171.03 
20:37:46  29.7   0.0   0.1  70.2   0.1    7   3316   9880  160    0  160 169.17 
20:37:47  29.7   0.0   0.1  70.2   0.0    7   2966   9821  158    0  160 169.34 
20:37:48  29.9   0.0   0.0  70.1   0.0    7   3637  10244  157    0  155 168.98 
20:37:49  29.7   0.0   0.1  70.2   0.0    7   2727   9449  160    0  160 170.83 
20:37:50  29.8   0.0   0.1  70.1   0.0    7   3253   9803  155    0  155 170.33 
20:37:51  29.9   0.0   0.1  70.0   0.0    7   3480  10081  150    0  150 168.30 
20:37:52  29.8   0.0   0.1  70.1   0.0    7   2665   9400  160    0  160 171.42 
20:37:53  29.9   0.0   0.1  69.9   0.2    7   2666   9315  155    0  156 172.04 
20:37:54  28.4   0.0   0.2  71.5   0.0    7   3422   9724  162    2  162 166.33 
20:37:55  29.8   0.0   0.1  70.1   0.0    7   3825  10340  165    0  165 168.93 
20:37:56  29.9   0.0   0.1  70.1   0.0    7   3630  10095  160    0  160 168.03 
20:37:57  29.8   0.0   0.1  70.1   0.0    7   3532   9978  160    0  160 168.95 
20:37:58  29.7   0.0   0.1  70.1   0.1    9   3370   9826  165    0  165 171.23 
20:37:59  29.8   0.0   0.1  70.1   0.0    7   2935   9759  160    0  160 170.27 
  Time    User  Nice   Sys  Idle    IO  Run Ctxt/s  IRQ/s Fork Exec Exit  Watts
20:38:00  29.8   0.0   0.1  70.1   0.0    2   2903   9668  155    0  156 167.50 
20:38:01  29.9   0.0   0.1  70.1   0.0    7   3092   9480  170    0  169 175.43 
20:38:02  29.8   0.0   0.1  70.1   0.0    7   2458   9388  157    0  160 170.30 
20:38:03  29.7   0.0   0.1  70.2   0.0    8   2555   9328  154    0  155 168.66 
20:38:04  29.8   0.0   0.1  70.1   0.0    8   3461  10052  154    0  150 167.10 
20:38:05  28.3   0.0   0.1  71.3   0.3    2   3668  10131  142    2  142 159.57 
20:38:06  29.8   0.0   0.1  70.1   0.0    7   3725  10425  170    0  170 171.58 
20:38:07  29.9   0.0   0.1  70.0   0.0    7   3652  10273  160    0  160 168.59 
20:38:08  29.8   0.0   0.1  70.1   0.0    7   3440  10196  165    0  165 169.80 
20:38:09  29.9   0.0   0.1  70.1   0.0    7   3344   9819  163    0  165 171.44 
20:38:10  29.8   0.0   0.1  70.1   0.0    7   3276   9561  162    0  160 171.45 
20:38:11  29.8   0.0   0.1  69.9   0.2    7   3213   9616  165    0  165 172.40 
20:38:12  29.9   0.0   0.1  70.1   0.0    7   2868   9472  160    0  160 172.12 
20:38:13  29.8   0.0   0.1  70.1   0.0    7   3352   9788  165    0  165 173.35 
20:38:14  28.2   0.0   0.2  71.6   0.0    7   3662  10081  152    2  152 163.72 
20:38:15  29.8   0.0   0.1  70.1   0.0    7   3589  10236  165    0  165 169.23 
20:38:16  29.8   0.0   0.2  70.0   0.0    7   3634   9858  170    0  170 173.67 
20:38:17  29.8   0.0   0.1  70.2   0.0    7   3656   9901  165    0  165 171.52 
20:38:18  29.8   0.0   0.1  70.1   0.0    7   3271   9838  165    0  165 169.73 
20:38:19  29.9   0.0   0.1  69.9   0.1    7   3575   9976  160    0  160 171.89 
20:38:20  29.8   0.0   0.1  70.1   0.0    7   3815  10244  160    0  160 169.59 
20:38:21  29.7   0.0   0.1  70.2   0.0    7   3026   9679  160    0  160 171.64 
20:38:22  29.9   0.0   0.1  70.1   0.0    7   3738  10104  155    0  155 169.24 
  Time    User  Nice   Sys  Idle    IO  Run Ctxt/s  IRQ/s Fork Exec Exit  Watts
20:38:23  29.8   0.0   0.1  70.1   0.0    7   3184   9723  155    0  155 168.57 
20:38:24  29.9   0.0   0.1  70.1   0.0    7   3411   9799  155    0  155 169.19 
20:38:25  29.8   0.0   0.1  70.1   0.0    7   2947   9709  155    0  155 170.35 
20:38:26  29.9   0.0   0.1  70.0   0.0    7   3110   9880  150    0  150 170.30 
20:38:27  29.8   0.0   0.1  70.1   0.0    7   2991   9626  155    0  155 172.43 
20:38:28  29.8   0.0   0.1  70.1   0.0    7   3456  10112  150    0  150 167.83 
20:38:29  29.9   0.0   0.0  70.1   0.0    7   2911   9698  150    0  150 171.35 
20:38:30  28.3   0.0   0.2  71.5   0.0    7   3822  10279  147    2  147 164.63 
20:38:31  29.9   0.0   0.0  70.1   0.0    7   2956   9843  165    0  165 169.27 
20:38:32  29.9   0.0   0.0  70.1   0.0    7   3237   9929  165    0  165 170.51 
20:38:33  29.9   0.0   0.1  70.0   0.0    7   3500  10032  165    0  165 170.87 
20:38:34  29.7   0.0   0.1  70.2   0.0    7   3070   9934  165    0  165 169.75 
20:38:35  29.8   0.0   0.1  70.0   0.1    7   3713  10132  160    0  160 168.90 
20:38:36  29.7   0.0   0.1  70.1   0.1    7   3111   9858  155    0  155 166.80 
20:38:37  29.9   0.0   0.1  70.0   0.0    7   3257   9978  155    0  155 167.83 
20:38:38  29.7   0.0   0.1  70.2   0.0    7   3458  10007  155    0  155 167.85 
20:38:39  29.9   0.0   0.1  70.1   0.0    7   3147   9922  160    0  160 168.60 
20:38:40  29.9   0.0   0.0  70.1   0.0    7   2491   9408  155    0  155 171.23 
20:38:41  29.9   0.0   0.1  70.0   0.0    7   2803   9570  160    0  160 171.23 
20:38:42  29.9   0.0   0.1  69.8   0.2    7   2832   9529  155    0  155 169.94 
20:38:43  29.7   0.0   0.2  70.2   0.0    7   3378   9698  151    0  155 171.11 
20:38:44  29.8   0.0   0.1  70.1   0.0    7   3050   9631  154    0  150 171.75 
20:38:45  28.4   0.0   0.2  71.5   0.0    7   4173  10980  154    2  157 163.61 
  Time    User  Nice   Sys  Idle    IO  Run Ctxt/s  IRQ/s Fork Exec Exit  Watts
20:38:46  29.9   0.0   0.1  70.1   0.0    7   3065  10103  163    0  160 169.84 
20:38:47  29.8   0.0   0.1  69.6   0.5    7   3601  10336  167    0  167 169.83 
20:38:48  29.8   0.0   0.1  70.1   0.0    7   3003   9978  165    0  165 170.06 
20:38:49  29.9   0.0   0.1  70.0   0.0    9   3156   9846  160    0  160 169.18 
20:38:50  29.8   0.0   0.1  70.1   0.0    7   2911   9350  165    0  165 172.59 
20:38:51  29.8   0.0   0.1  70.1   0.0    7   3368   9774  155    0  155 168.64 
20:38:52  29.7   0.0   0.1  70.2   0.0    8   2920   9770  160    0  160 166.35 
20:38:53  29.7   0.0   0.2  70.1   0.0    7   3007   9621  155    0  155 169.39 
20:38:54  29.8   0.0   0.1  70.1   0.0    7   3003   9713  155    0  155 167.66 
20:38:55  29.9   0.0   0.1  70.1   0.0    7   3398   9963  155    0  155 170.02 
20:38:56  29.8   0.0   0.1  70.2   0.0    7   3417   9861  150    0  150 166.89 
20:38:57  29.9   0.0   0.1  70.1   0.0    7   3609  10282  150    0  150 168.13 
20:38:58  29.9   0.0   0.1  70.1   0.0    7   2928   9779  150    0  150 166.55 
20:38:59  29.9   0.0   0.1  70.1   0.0    7   3339   9927  150    0  150 168.85 
20:39:00  30.0   0.0   0.0  69.8   0.1    7   2781   9486  150    0  150 170.84 
20:39:01  29.8   0.0   0.1  70.1   0.0    7   2866   9459  151    0  155 172.36 
20:39:02  28.2   0.0   0.2  71.5   0.2    7   3744  10093  156    2  152 163.53 
20:39:03  29.7   0.0   0.1  70.2   0.0    7   3453  10056  165    0  165 169.45 
20:39:04  29.8   0.0   0.1  70.1   0.0    7   3330  10018  165    0  165 170.28 
20:39:05  29.8   0.0   0.1  70.1   0.0    7   3123   9781  160    0  160 169.46 
20:39:06  29.8   0.0   0.1  70.1   0.0    7   3082   9757  160    0  160 168.02 
20:39:07  29.9   0.0   0.1  70.0   0.0    7   3189   9727  165    0  165 170.21 
20:39:08  29.7   0.0   0.1  70.2   0.0    7   2467   9299  160    0  160 169.46 
  Time    User  Nice   Sys  Idle    IO  Run Ctxt/s  IRQ/s Fork Exec Exit  Watts
20:39:09  29.8   0.0   0.1  70.1   0.0    7   3065   9766  155    0  155 168.93 
20:39:10  28.5   0.0   0.1  71.4   0.0    7   3856   9993  157    2  157 162.30 
20:39:11  29.9   0.0   0.1  70.0   0.1    8   3324   9991  165    0  165 169.31 
20:39:12  29.8   0.0   0.1  70.1   0.0    7   3125   9819  160    0  160 169.75 
20:39:13  29.8   0.0   0.1  70.1   0.0    7   3396  10043  165    0  165 170.78 
20:39:14  29.8   0.0   0.1  70.1   0.0    7   3820  10134  160    0  160 170.17 
20:39:15  29.8   0.0   0.1  70.1   0.0    7   3415   9836  165    0  165 173.16 
20:39:16  29.8   0.0   0.1  69.4   0.8    7   2970   9579  160    0  160 170.62 
20:39:17  29.9   0.0   0.1  70.0   0.0    7   2752   9451  160    0  160 169.96 
20:39:18  29.8   0.0   0.1  70.1   0.0    7   3074   9584  160    0  160 169.61 
20:39:19  29.9   0.0   0.1  70.0   0.0    7   2973   9668  155    0  155 170.51 
20:39:20  29.8   0.0   0.0  70.2   0.0    7   3478  10128  150    0  150 164.82 
20:39:21  29.8   0.0   0.1  70.1   0.0    7   3324  10255  150    0  150 166.97 
20:39:22  28.4   0.0   0.1  71.5   0.0    7   3873  10336  152    2  152 162.26 
20:39:23  29.8   0.0   0.1  70.1   0.0    7   3290   9916  160    0  160 166.09 
20:39:24  29.8   0.0   0.1  70.1   0.0    7   3577  10137  165    0  165 170.24 
20:39:25  29.8   0.0   0.1  70.2   0.0    7   3407   9749  165    0  165 169.84 
20:39:26  29.9   0.0   0.1  70.1   0.0    7   3356   9803  160    0  160 170.72 
20:39:27  29.8   0.0   0.1  70.1   0.1    7   3948  10319  160    0  160 169.65 
20:39:28  29.9   0.0   0.1  70.0   0.0    7   3630  10057  165    0  165 172.19 
20:39:29  29.9   0.0   0.1  70.0   0.0    7   3044   9554  155    0  155 170.36 
20:39:30  29.8   0.0   0.1  70.2   0.0    7   3308   9850  155    0  155 169.13 
20:39:31  29.9   0.0   0.1  70.1   0.0    7   3551   9990  155    0  155 168.10 
  Time    User  Nice   Sys  Idle    IO  Run Ctxt/s  IRQ/s Fork Exec Exit  Watts
20:39:32  28.3   0.0   0.1  71.7   0.0    7   4230  10226  152    2  152 162.45 
20:39:33  29.8   0.0   0.1  70.1   0.0    7   3345  10086  165    0  165 168.42 
20:39:34  29.8   0.0   0.1  70.1   0.0    7   3498  10128  165    0  165 169.76 
20:39:35  29.9   0.0   0.1  69.9   0.1    7   3440   9869  162    0  165 171.91 
20:39:36  29.7   0.0   0.1  70.2   0.0    7   3483  10166  163    0  160 170.75 
20:39:37  29.8   0.0   0.1  70.2   0.0    7   3382  10109  155    0  155 166.58 
20:39:38  29.8   0.0   0.1  70.0   0.1    7   3276   9966  160    0  160 170.07 
20:39:39  29.8   0.0   0.1  70.1   0.0    7   3269   9749  160    0  160 169.76 
20:39:40  29.8   0.0   0.1  70.1   0.0    7   3301   9997  155    0  155 170.48 
20:39:41  29.8   0.0   0.1  70.1   0.0    7   3665   9956  160    0  160 172.47 
20:39:42  29.8   0.0   0.1  70.2   0.0    7   2944   9501  160    0  160 172.39 
20:39:43  29.9   0.0   0.0  70.1   0.0    7   2987   9801  150    0  150 168.70 
20:39:44  29.8   0.0   0.1  70.1   0.0    7   2823   9306  155    0  155 172.07 
20:39:45  29.7   0.0   0.1  70.2   0.0    7   3278   9827  155    0  155 172.74 
20:39:46  29.7   0.0   0.1  70.2   0.0    7   2842   9756  145    0  145 166.15 
20:39:47  29.9   0.0   0.1  70.0   0.0    7   3250   9630  150    0  150 167.92 
20:39:48  29.7   0.0   0.1  70.2   0.0    7   2893   9529  145    0  145 167.72 
20:39:49  29.8   0.0   0.1  70.2   0.0    7   3068   9726  150    0  150 168.76 
20:39:50  29.9   0.0   0.1  70.0   0.0    7   3043   9699  140    0  140 165.04 
20:39:51  29.9   0.0   0.0  70.1   0.0    7   2993   9630  145    0  145 168.50 
20:39:52  28.3   0.0   0.1  71.6   0.0    8   3819  10234  158    2  157 163.11 
20:39:53  29.9   0.0   0.1  69.9   0.0    2   3687  10135  165    0  166 173.00 
20:39:54  29.8   0.0   0.1  70.2   0.0    7   3556  10085  165    0  164 170.70 
  Time    User  Nice   Sys  Idle    IO  Run Ctxt/s  IRQ/s Fork Exec Exit  Watts
20:39:55  29.8   0.0   0.1  70.1   0.0    7   3374  10081  160    0  160 167.84 
20:39:56  29.9   0.0   0.1  70.0   0.0    7   3107   9873  160    0  160 169.15 
20:39:57  29.8   0.0   0.1  70.1   0.1    7   3146   9460  165    0  165 172.82 
20:39:58  29.9   0.0   0.0  70.0   0.0    7   2887   9485  165    0  165 173.46 
20:39:59  29.7   0.0   0.1  70.2   0.0    7   3196   9696  160    0  160 169.58 
20:40:00  29.8   0.0   0.1  70.2   0.0    7   3016   9633  155    0  155 168.01 
20:40:01  29.8   0.0   0.1  70.1   0.0    7   3026   9533  155    0  155 169.23 
20:40:02  29.9   0.0   0.0  70.0   0.0    7   2923   9607  155    0  155 171.39 
20:40:03  29.9   0.0   0.1  70.0   0.0    7   3266   9749  155    0  155 168.85 
20:40:04  29.8   0.0   0.1  70.0   0.1    7   2659   9595  157    3  157 170.65 
20:40:05  29.7   0.0   0.1  70.0   0.2    7   2925   9822  151    0  150 168.02 
20:40:06  29.2   0.0   0.1  70.7   0.0    5   3251   9873  142    2  147 164.54 
20:40:07  28.4   0.0   0.1  71.5   0.0    7   3834   9976  160    0  155 162.93 
20:40:08  29.9   0.0   0.1  70.0   0.0    7   3658  10139  165    0  165 170.54 
20:40:09  29.8   0.0   0.1  70.1   0.0    7   3601  10321  165    0  165 173.00 
20:40:10  29.9   0.0   0.1  69.9   0.2    7   3397  10092  160    0  160 167.04 
20:40:11  29.9   0.0   0.1  70.0   0.0    7   3440  10406  155    0  155 166.49 
20:40:12  29.7   0.0   0.1  70.2   0.0    7   3191  10001  160    0  160 169.83 
20:40:13  29.7   0.0   0.2  70.1   0.0    7   3326   9967  157    0  160 168.38 
20:40:14  29.9   0.0   0.1  70.0   0.0    7   3542  10139  158    0  155 169.77 
20:40:15  29.7   0.0   0.2  70.2   0.0    7   3577  10159  150    0  150 166.76 
20:40:16  29.8   0.0   0.1  70.0   0.2    7   3718  10029  160    0  160 170.27 
20:40:17  29.9   0.0   0.0  70.0   0.0    7   3336   9770  155    0  155 172.21 
  Time    User  Nice   Sys  Idle    IO  Run Ctxt/s  IRQ/s Fork Exec Exit  Watts
20:40:18  29.9   0.0   0.1  70.0   0.0    7   3683  10247  155    0  155 170.12 
20:40:19  29.8   0.0   0.1  70.1   0.0    7   3565  10267  150    0  150 169.25 
20:40:20  28.2   0.0   0.2  71.6   0.0    7   3985  10041  152    2  152 161.01 
20:40:21  29.9   0.0   0.1  69.3   0.7    7   3447   9951  165    0  165 171.42 
20:40:22  29.9   0.0   0.1  70.0   0.0    7   3207   9961  165    0  165 169.49 
20:40:23  29.9   0.0   0.1  70.1   0.0    7   3762  10248  165    0  165 171.88 
20:40:24  29.9   0.0   0.1  70.0   0.0    7   3250   9965  160    0  160 169.61 
20:40:25  29.8   0.0   0.1  70.1   0.1    7   3403   9994  155    0  155 167.83 
20:40:26  29.8   0.0   0.1  70.1   0.0    7   3669   9868  165    0  165 172.19 
20:40:27  29.9   0.0   0.0  70.0   0.0    7   3433   9882  160    0  160 168.97 
20:40:28  29.7   0.0   0.1  70.2   0.0    7   3282   9943  155    0  155 169.70 
20:40:29  29.8   0.0   0.1  70.1   0.0    8   3242   9903  155    0  155 167.89 
20:40:30  29.9   0.0   0.0  70.1   0.0    7   3221   9833  150    0  150 167.28 
20:40:31  29.7   0.0   0.1  70.2   0.0    7   3331   9824  155    0  155 168.19 
20:40:32  29.7   0.0   0.1  70.2   0.0    7   2793   9529  145    0  145 166.25 
20:40:33  29.9   0.0   0.1  70.1   0.0    7   3004   9466  155    0  155 170.07 
20:40:34  29.9   0.0   0.1  70.0   0.0    7   3005   9591  150    0  150 170.84 
20:40:35  29.8   0.0   0.1  70.1   0.1    7   3120  10012  145    0  145 165.19 
20:40:36  29.7   0.0   0.1  70.2   0.0    7   2723   9621  155    0  155 172.14 
20:40:37  28.4   0.0   0.2  71.4   0.0    7   4044  10935  152    2  152 162.50 
20:40:38  29.9   0.0   0.1  70.0   0.0    7   3619   9985  170    0  170 172.24 
20:40:39  29.9   0.0   0.0  70.1   0.0    7   2810   9557  160    0  160 170.17 
20:40:40  29.9   0.0   0.1  70.1   0.0    7   3299   9719  165    0  165 170.60 
  Time    User  Nice   Sys  Idle    IO  Run Ctxt/s  IRQ/s Fork Exec Exit  Watts
20:40:41  29.8   0.0   0.1  70.0   0.1    7   3867  10273  160    0  160 170.66 
20:40:42  29.8   0.0   0.1  70.1   0.0    7   3376   9774  165    0  165 172.55 
20:40:43  29.9   0.0   0.0  70.1   0.0    7   2927   9495  155    0  155 168.10 
20:40:44  29.8   0.0   0.1  70.1   0.0    7   3358   9754  161    0  165 171.90 
20:40:45  29.8   0.0   0.1  70.1   0.0    7   2869   9594  164    0  160 173.75 
20:40:46  29.7   0.0   0.1  70.2   0.0    7   2957   9570  160    0  160 171.71 
20:40:47  29.8   0.0   0.1  70.1   0.0    7   3214   9900  150    0  150 168.65 
20:40:48  29.8   0.0   0.1  70.1   0.0    7   3365   9965  150    0  150 165.89 
20:40:49  29.7   0.0   0.2  70.1   0.0    7   2985   9473  155    0  155 172.16 
20:40:50  28.4   0.0   0.1  71.4   0.2    7   4050  10045  167    2  167 168.52 
20:40:51  29.7   0.0   0.1  70.2   0.0    7   3289   9850  165    0  165 169.84 
20:40:52  29.9   0.0   0.1  70.0   0.0    7   3302   9807  165    0  165 169.99 
20:40:53  29.7   0.0   0.1  70.2   0.0    7   3144   9696  160    0  160 167.22 
20:40:54  30.0   0.0   0.0  70.0   0.0    7   2922   9331  165    0  165 171.47 
20:40:55  29.9   0.0   0.1  70.0   0.0    7   2955   9438  160    0  160 171.26 
20:40:56  29.7   0.0   0.1  70.0   0.2    7   3218   9758  160    0  160 169.60 
20:40:57  29.8   0.0   0.1  70.1   0.0    7   3139   9725  160    0  160 170.60 
20:40:58  29.9   0.0   0.1  70.1   0.0    7   3435   9855  155    0  155 169.75 
20:40:59  29.8   0.0   0.1  70.1   0.0    7   3139   9786  155    0  155 169.14 
20:41:00  29.9   0.0   0.1  70.0   0.0    7   3514  10100  155    0  155 168.33 
20:41:01  29.7   0.0   0.1  70.2   0.0    7   3127   9890  150    0  150 167.39 
20:41:02  29.8   0.0   0.1  70.1   0.0    7   3171  10081  145    0  145 166.96 
20:41:03  28.4   0.0   0.1  71.5   0.0    7   4007  10813  152    2  152 160.50 
  Time    User  Nice   Sys  Idle    IO  Run Ctxt/s  IRQ/s Fork Exec Exit  Watts
20:41:04  29.7   0.0   0.1  70.2   0.0    7   3172  10218  160    0  160 165.43 
20:41:05  29.8   0.0   0.1  70.0   0.1    7   3461  10275  160    0  160 168.81 
20:41:06  29.8   0.0   0.1  70.1   0.0    7   3242  10183  160    0  160 167.60 
20:41:07  29.9   0.0   0.1  70.0   0.0    7   3170   9922  170    0  170 172.70 
20:41:08  29.8   0.0   0.1  70.1   0.0    7   2978   9698  155    0  155 167.68 
20:41:09  29.9   0.0   0.0  70.1   0.0    7   3136   9825  160    0  160 170.75 
20:41:10  29.7   0.0   0.1  70.2   0.0    8   3511   9815  165    0  165 171.10 
20:41:11  29.9   0.0   0.1  70.1   0.0    7   3158  10018  155    0  155 169.23 
20:41:12  29.8   0.0   0.1  70.0   0.1    7   3015   9988  150    0  150 166.98 
20:41:13  29.8   0.0   0.1  70.1   0.0    7   3344   9889  160    0  160 171.95 
20:41:14  29.8   0.0   0.1  70.1   0.0    7   2938   9672  155    0  155 171.33 
20:41:15  29.9   0.0   0.1  70.0   0.0    7   2950   9655  155    0  155 170.49 
20:41:16  29.8   0.0   0.1  70.1   0.0    7   2806   9852  150    0  150 169.39 
20:41:17  29.9   0.0   0.1  70.0   0.0    7   3653  10290  150    0  150 167.15 
20:41:18  29.9   0.0   0.1  70.1   0.0    7   3453  10533  145    0  145 167.77 
20:41:19  28.3   0.0   0.2  71.5   0.0    8   3910  10379  157    2  157 162.98 
20:41:20  29.9   0.0   0.1  70.0   0.1    7   3300  10079  165    0  165 171.76 
20:41:21  29.8   0.0   0.1  70.1   0.0    7   3805  10599  165    0  165 169.14 
20:41:22  29.8   0.0   0.1  70.1   0.0    7   3350  10417  155    0  155 164.34 
20:41:23  29.8   0.0   0.1  70.2   0.0    7   3305  10235  160    0  160 167.55 
20:41:24  29.8   0.0   0.1  70.1   0.0    7   3351  10178  155    0  155 166.30 
20:41:25  29.8   0.0   0.1  70.0   0.0    7   3238   9722  165    0  165 171.77 
20:41:26  29.9   0.0   0.1  70.1   0.0    7   2970   9393  155    0  155 169.23 
  Time    User  Nice   Sys  Idle    IO  Run Ctxt/s  IRQ/s Fork Exec Exit  Watts
20:41:27  29.8   0.0   0.1  70.1   0.0    7   3126   9566  165    0  165 172.54 
20:41:28  29.8   0.0   0.1  70.1   0.0    7   3131   9654  150    0  150 166.00 
20:41:29  29.8   0.0   0.1  70.1   0.0    7   2748   9456  160    0  160 172.42 
20:41:30  30.0   0.0   0.0  69.9   0.0    7   2592   9128  165    0  165 176.57 
20:41:31  29.7   0.0   0.1  70.2   0.0    7   2944   9577  150    0  150 169.44 
20:41:32  29.8   0.0   0.1  70.2   0.0    7   2770   9557  150    0  150 167.79 
20:41:33  28.1   0.0   0.2  71.8   0.0    7   3273   9459  157    2  157 163.69 
20:41:34  29.9   0.0   0.1  70.0   0.0    7   3316   9973  165    0  165 169.60 
20:41:35  29.8   0.0   0.1  69.9   0.1    7   2788   9463  165    0  165 171.54 
20:41:36  29.7   0.0   0.1  70.2   0.0    7   3532   9984  160    0  160 166.28 
20:41:37  29.9   0.0   0.1  70.1   0.0    7   2707   9482  160    0  160 168.36 
20:41:38  29.9   0.0   0.0  70.1   0.0    7   2725   9360  165    0  165 172.33 
20:41:39  29.7   0.0   0.1  70.2   0.0    7   2704   9514  165    0  165 169.82 
20:41:40  29.8   0.0   0.1  70.1   0.0    7   2733   9348  155    0  155 168.43 
20:41:41  29.7   0.0   0.1  70.2   0.0    7   3667   9956  160    0  160 169.14 
20:41:42  29.8   0.0   0.1  70.1   0.0    7   3515  10055  150    0  150 168.84 
20:41:43  29.9   0.0   0.0  70.1   0.0    7   3119   9713  160    0  160 171.81 
20:41:44  28.5   0.0   0.0  71.4   0.0    7   3641  10136  152    2  152 166.52 
20:41:45  29.7   0.0   0.1  70.2   0.0    7   3953  10562  165    0  165 168.85 
20:41:46  29.9   0.0   0.1  70.0   0.0    7   3444  10225  160    0  160 166.64 
20:41:47  29.9   0.0   0.1  70.1   0.0    7   3649  10572  160    0  160 170.19 
20:41:48  29.7   0.0   0.1  70.2   0.0    7   3575  10011  165    0  165 169.37 
20:41:49  29.8   0.0   0.1  70.1   0.0    7   3197  10059  155    0  155 165.83 
  Time    User  Nice   Sys  Idle    IO  Run Ctxt/s  IRQ/s Fork Exec Exit  Watts
20:41:50  29.9   0.0   0.1  70.0   0.1    7   3768  10193  160    0  160 170.94 
20:41:51  29.9   0.0   0.1  70.1   0.0    7   3387   9912  155    0  155 167.27 
20:41:52  29.8   0.0   0.1  70.1   0.0    7   3331   9846  155    0  155 166.04 
20:41:53  29.8   0.0   0.1  70.1   0.0    7   3403  10001  155    0  155 170.16 
20:41:54  28.3   0.0   0.1  71.6   0.0    7   3751  10350  152    2  152 163.94 
20:41:55  29.8   0.0   0.1  70.0   0.2    7   2925   9860  165    0  165 167.46 
20:41:56  29.9   0.0   0.0  70.0   0.0    7   3504  10440  160    0  160 166.50 
20:41:57  29.8   0.0   0.1  70.1   0.0    8   2513   9621  160    0  160 165.90 
20:41:58  29.8   0.0   0.1  70.1   0.0    7   2594   9672  155    0  155 165.52 
20:41:59  29.9   0.0   0.0  70.0   0.0    7   3388  10219  165    0  165 169.74 
20:42:00  29.9   0.0   0.1  70.1   0.0    7   3134   9961  155    0  155 165.77 
20:42:01  29.8   0.0   0.1  70.1   0.0    7   3500  10153  160    0  160 168.52 
20:42:02  29.7   0.0   0.1  70.1   0.2    7   3043   9651  155    0  155 168.79 
20:42:03  29.9   0.0   0.0  70.1   0.0    7   3141   9805  155    0  155 165.93 
20:42:04  29.7   0.0   0.1  70.2   0.0    7   3069   9857  155    0  155 168.92 
20:42:05  29.9   0.0   0.0  70.0   0.0    7   3117   9704  155    0  155 172.84 
20:42:06  29.8   0.0   0.1  70.2   0.0    7   3339   9874  160    0  160 171.35 
20:42:07  29.8   0.0   0.1  70.1   0.0    7   3119   9953  145    0  145 165.91 
20:42:08  29.8   0.0   0.1  70.2   0.0    7   3177   9729  150    0  150 168.36 
20:42:09  28.2   0.0   0.1  71.7   0.0    7   4030  10251  157    2  157 162.20 
20:42:10  29.9   0.0   0.1  70.0   0.0    7   3776  10285  165    0  165 169.07 
20:42:11  29.9   0.0   0.1  70.0   0.0    7   2987   9676  165    0  165 173.15 
20:42:12  29.8   0.0   0.1  70.1   0.0    7   3340   9874  165    0  165 169.21 
  Time    User  Nice   Sys  Idle    IO  Run Ctxt/s  IRQ/s Fork Exec Exit  Watts
20:42:13  29.7   0.0   0.1  70.2   0.0    7   3367   9744  160    0  160 169.97 
20:42:14  29.7   0.0   0.1  70.1   0.1    7   3402   9963  165    0  165 171.61 
20:42:15  29.8   0.0   0.1  70.0   0.0    7   3265   9902  160    0  160 171.46 
20:42:16  29.8   0.0   0.1  70.2   0.0    7   2832   9744  152    0  155 165.92 
20:42:17  29.9   0.0   0.1  70.1   0.0    3   3037   9879  153    0  155 168.48 
20:42:18  29.8   0.0   0.1  70.1   0.0    7   3137   9822  155    0  150 168.85 
20:42:19  29.9   0.0   0.0  70.1   0.0    7   2887   9734  155    0  155 167.82 
20:42:20  29.8   0.0   0.1  70.0   0.1    7   3324   9983  150    0  150 170.19 
20:42:21  28.3   0.0   0.1  71.6   0.0    7   3418  10328  147    2  147 159.84 
20:42:22  29.8   0.0   0.1  70.2   0.0    7   2964   9562  165    0  165 167.65 
20:42:23  29.8   0.0   0.1  70.2   0.0    7   3016   9736  160    0  160 167.22 
20:42:24  29.7   0.0   0.1  70.2   0.0    7   3164   9644  165    0  165 172.59 
20:42:25  30.0   0.0   0.0  70.0   0.0    7   2905   9660  165    0  165 169.54 
20:42:26  29.8   0.0   0.1  70.1   0.0    7   3127   9814  165    0  165 171.73 
20:42:27  29.9   0.0   0.1  70.0   0.1    7   3107   9694  165    0  165 174.25 
20:42:28  29.8   0.0   0.1  70.1   0.0    8   3486  10001  160    0  160 168.77 
20:42:29  29.9   0.0   0.0  70.1   0.0    7   3151   9436  165    0  165 174.29 
20:42:30  29.8   0.0   0.1  70.1   0.0    7   2934   9761  155    0  155 169.03 
20:42:31  29.8   0.0   0.1  70.1   0.0    7   3027  10112  150    0  150 166.63 
20:42:32  29.8   0.0   0.1  70.1   0.0    7   2934   9740  155    0  155 169.37 
20:42:33  29.9   0.0   0.0  70.1   0.0    7   2391   9267  160    0  160 171.58 
20:42:34  28.6   0.0   0.0  71.4   0.0    7   3725  10357  152    2  152 162.82 
20:42:35  29.8   0.0   0.1  69.9   0.1    7   3699  10154  170    0  171 171.99 
  Time    User  Nice   Sys  Idle    IO  Run Ctxt/s  IRQ/s Fork Exec Exit  Watts
20:42:36  29.7   0.0   0.1  70.2   0.0    7   3548   9941  165    0  165 171.31 
20:42:37  29.9   0.0   0.1  70.0   0.0    7   3303   9923  166    0  165 169.46 
20:42:38  29.9   0.0   0.1  70.1   0.0    7   3403   9944  160    0  160 168.65 
20:42:39  29.7   0.0   0.1  70.2   0.0    7   2731   9442  160    0  160 170.17 
20:42:40  29.9   0.0   0.1  70.0   0.0    7   2992   9576  165    0  165 171.69 
20:42:41  29.8   0.0   0.0  70.2   0.0    7   3063   9794  160    0  160 169.56 
20:42:42  29.8   0.0   0.1  70.1   0.0    7   3188   9947  155    0  155 168.42 
20:42:43  29.8   0.0   0.1  70.1   0.0    7   3399   9919  155    0  155 170.03 
20:42:44  29.9   0.0   0.1  69.8   0.2    7   2955  10043  155    0  155 167.15 
20:42:45  29.9   0.0   0.1  70.0   0.0    7   3464  10245  150    0  150 166.62 
20:42:46  28.4   0.0   0.1  71.5   0.0    2   3108  10327  137    2  142 160.31 
20:42:47  29.4   0.0   0.1  70.5   0.0    7   3538  10553  160    0  155 161.23 
20:42:48  29.8   0.0   0.1  70.1   0.0    9   3817  10567  160    0  160 168.22 
20:42:49  29.7   0.0   0.2  70.0   0.2    7   3383  10633  160    0  160 165.22 
20:42:50  29.9   0.0   0.0  70.1   0.0    7   3224  10120  160    0  160 169.82 
20:42:51  29.8   0.0   0.1  70.1   0.0    7   3155   9890  165    0  165 170.12 
20:42:52  29.7   0.0   0.1  70.2   0.0    7   3299   9952  160    0  160 169.66 
20:42:53  29.8   0.0   0.1  70.1   0.0    7   3328   9824  160    0  160 168.11 
20:42:54  29.8   0.0   0.1  70.1   0.0    7   3579  10179  160    0  160 170.59 
20:42:55  29.7   0.0   0.1  70.2   0.0    7   3574  10080  150    0  150 166.83 
20:42:56  29.8   0.0   0.1  70.2   0.0    7   3498   9962  155    0  155 169.30 
20:42:57  29.9   0.0   0.0  70.1   0.0    7   3161   9715  155    0  155 170.56 
20:42:58  29.9   0.0   0.1  70.0   0.0    7   3074   9795  159    0  160 170.34 
  Time    User  Nice   Sys  Idle    IO  Run Ctxt/s  IRQ/s Fork Exec Exit  Watts
20:42:59  28.2   0.0   0.1  71.7   0.0    7   3716   9711  148    2  147 163.14 
20:43:00  29.7   0.0   0.1  70.2   0.0    7   3101   9861  160    0  160 168.18 
20:43:01  29.8   0.0   0.1  70.1   0.0    7   2940   9753  165    0  165 170.25 
20:43:02  29.8   0.0   0.1  70.1   0.0    7   3166   9866  165    0  165 168.45 
20:43:03  29.8   0.0   0.1  70.0   0.0    7   3519  10067  160    0  160 171.20 
20:43:04  29.8   0.0   0.1  70.2   0.0    7   3093  10057  160    0  160 167.82 
20:43:05  29.9   0.0   0.1  70.0   0.1    7   3513   9880  165    0  165 171.76 
20:43:06  29.9   0.0   0.1  70.0   0.0    7   2735   9551  160    0  160 170.67 
20:43:07  29.8   0.0   0.1  70.1   0.0    7   3052   9639  160    0  160 171.16 
20:43:08  29.8   0.0   0.1  70.2   0.0    7   2966   9688  160    0  160 171.60 
20:43:09  29.8   0.0   0.1  70.1   0.0    7   3055   9842  155    0  155 167.84 
20:43:10  30.0   0.0   0.0  70.0   0.0    7   2929   9738  155    0  155 170.28 
20:43:11  29.8   0.0   0.1  70.1   0.0    7   3108   9965  155    0  155 171.26 
20:43:12  29.8   0.0   0.1  70.1   0.0    7   3256  10015  150    0  150 166.79 
20:43:13  29.8   0.0   0.0  70.2   0.0    7   3092   9858  150    0  150 168.41 
20:43:14  29.9   0.0   0.1  70.0   0.0    7   3001   9915  145    0  145 166.16 
20:43:15  28.3   0.0   0.1  71.6   0.0    7   3720  10439  147    2  147 161.33 
20:43:16  29.9   0.0   0.1  70.1   0.0    7   3411  10138  165    0  165 170.69 
20:43:17  29.8   0.0   0.1  70.1   0.0    7   3125  10008  170    0  170 170.79 
20:43:18  29.9   0.0   0.1  70.1   0.0    7   3434  10016  160    0  160 169.37 
20:43:19  29.8   0.0   0.1  70.1   0.0    7   3326  10038  165    0  165 172.28 
20:43:20  29.8   0.0   0.1  67.6   2.4    7   3833  10264  160    0  160 170.23 
20:43:21  29.8   0.0   0.1  70.2   0.0    7   3300  10146  160    0  160 168.02 
  Time    User  Nice   Sys  Idle    IO  Run Ctxt/s  IRQ/s Fork Exec Exit  Watts
20:43:22  29.8   0.0   0.1  70.1   0.0    7   3229  10009  165    0  165 172.47 
20:43:23  29.7   0.0   0.1  70.2   0.0    7   3197  10334  155    0  155 169.07 
20:43:24  29.8   0.0   0.1  70.1   0.0    7   2916   9531  155    0  155 170.48 
20:43:25  29.9   0.0   0.1  70.0   0.0    7   3250   9767  160    0  160 170.75 
20:43:26  28.4   0.0   0.1  71.5   0.0    7   4176  10030  147    2  147 164.13 
20:43:27  29.8   0.0   0.1  70.2   0.0    7   2975   9996  163    0  165 167.60 
20:43:28  29.8   0.0   0.1  70.1   0.0    7   3174   9989  162    0  160 168.11 
20:43:29  29.9   0.0   0.1  70.1   0.0    7   3548  10060  165    0  165 171.06 
20:43:30  29.9   0.0   0.1  70.0   0.0    7   3438   9990  165    0  165 172.45 
20:43:31  29.9   0.0   0.1  70.0   0.0    7   2839   9611  165    0  165 170.47 
20:43:32  29.8   0.0   0.1  70.0   0.2    7   3469  10045  160    0  160 167.92 
20:43:33  29.8   0.0   0.1  70.2   0.0    8   2893   9516  155    0  155 166.29 
20:43:34  29.7   0.0   0.2  70.2   0.0    7   3125  10020  155    0  155 167.61 
20:43:35  29.8   0.0   0.1  70.2   0.0    7   3384  10041  155    0  155 168.07 
20:43:36  29.8   0.0   0.1  70.1   0.0    7   3229  10016  150    0  150 166.18 
20:43:37  29.9   0.0   0.1  70.0   0.1    7   3068   9923  155    0  155 169.94 
20:43:38  28.0   0.0   0.1  71.9   0.0    7   3947  10362  142    2  142 161.13 
20:43:39  29.9   0.0   0.1  70.0   0.0    7   3452  10136  165    0  165 168.65 
20:43:40  29.8   0.0   0.1  70.1   0.0    7   3832  10212  165    0  165 169.44 
20:43:41  29.8   0.0   0.1  70.1   0.0    7   3357   9999  165    0  165 169.31 
20:43:42  29.8   0.0   0.1  70.1   0.0    7   3414   9831  165    0  165 170.56 
20:43:43  29.9   0.0   0.1  70.0   0.0    7   3300   9845  160    0  160 169.07 
20:43:44  29.9   0.0   0.1  70.0   0.1    7   3006   9913  160    0  160 169.61 
  Time    User  Nice   Sys  Idle    IO  Run Ctxt/s  IRQ/s Fork Exec Exit  Watts
20:43:45  29.8   0.0   0.1  70.1   0.0    7   3544   9944  160    0  160 172.48 
20:43:46  29.8   0.0   0.1  70.1   0.0    8   3106   9386  165    0  165 172.34 
-------- ----- ----- ----- ----- ----- ---- ------ ------ ---- ---- ---- ------ 
 Average  29.5   0.0   0.1  70.3   0.0  7.0 3300.4 9882.9 158.1  0.2 158.1 168.92 
 GeoMean   0.0   0.0   0.0  70.3   0.0  6.9 3276.6 9834.9  0.0  0.0  0.0 168.41 
  StdDev   2.1   0.0   0.3   1.8   0.2  0.7  368.4  643.7 12.9  0.5 13.1   9.29 
-------- ----- ----- ----- ----- ----- ---- ------ ------ ---- ---- ---- ------ 
 Minimum   0.0   0.0   0.0  66.9   0.0  2.0  870.0 1444.0  0.0  0.0  0.0  44.69 
 Maximum  30.1   0.0   5.0  95.0   3.3 11.0 4652.0 10995.0 175.0  3.0 175.0 176.61 
-------- ----- ----- ----- ----- ----- ---- ------ ------ ---- ---- ---- ------ 
Summary:
CPU: 168.92 Watts on average with standard deviation 9.29  
Note: power read from RAPL domains: uncore, pkg-0, core.
These readings do not cover all the hardware in this device.
