Running for 600.0 seconds (600 samples at 1.0 second intervals).
Power measurements will start in 0 seconds time.

  Time    User  Nice   Sys  Idle    IO  Run Ctxt/s  IRQ/s Fork Exec Exit  Watts
19:25:34   0.0   0.0   0.5  89.8   9.7    1    294    607    0    0    0   4.80 
19:25:35   2.0   0.0   1.1  93.9   3.0    1   3419   2858   12    1    0  29.95 
19:25:36  23.7   0.0   0.2  75.4   0.7    7   8726  13498  410    0  405 126.38 
19:25:37  29.0   0.0   0.3  70.7   0.0    9  10827  16432  555    0  555 153.63 
19:25:38  28.8   0.0   0.3  69.3   1.6    7  10821  16110  540    0  540 153.09 
19:25:39  29.0   0.0   0.3  70.5   0.3    7  10910  16427  530    0  530 156.21 
19:25:40  26.7   0.0   0.4  73.0   0.0    7  10656  16290  503    2  502 145.30 
19:25:41  28.9   0.0   0.3  70.8   0.0    7  11023  16420  560    0  560 156.41 
19:25:42  29.0   0.0   0.3  70.7   0.0    9  10901  16454  540    0  540 156.58 
19:25:43  28.9   0.0   0.3  70.8   0.0    7  11238  16790  525    0  525 154.16 
19:25:44  26.9   0.0   0.3  72.8   0.0    7  10209  15807  483    2  487 145.92 
19:25:45  28.9   0.0   0.4  70.7   0.0    7  11172  17152  560    0  555 155.44 
19:25:46  29.1   0.0   0.1  70.7   0.0    7  10921  16836  550    0  550 155.77 
19:25:47  28.6   0.0   0.4  71.0   0.0    7  10987  16424  525    0  525 151.51 
19:25:48  26.6   0.0   0.3  73.0   0.1    7  10849  15963  507    2  507 143.14 
19:25:49  29.0   0.0   0.2  70.8   0.0    7  10929  16516  555    0  555 155.27 
19:25:50  29.1   0.0   0.3  70.7   0.0    7  11111  16596  535    0  535 156.51 
19:25:51  29.0   0.0   0.3  70.8   0.0    2  10521  16372  525    0  530 155.85 
19:25:52  28.9   0.0   0.3  70.8   0.0    7   9982  15380  515    0  510 153.42 
19:25:53  26.2   0.0   0.6  73.0   0.3    7  10312  16041  502    2  502 142.51 
19:25:54  29.2   0.0   0.2  70.6   0.0    7  11128  15958  550    0  550 156.48 
19:25:55  26.9   0.0   0.4  72.7   0.0    9  10590  16290  507    2  507 149.77 
19:25:56  28.7   0.0   0.4  70.9   0.0    7  10732  17140  560    0  560 156.92 
  Time    User  Nice   Sys  Idle    IO  Run Ctxt/s  IRQ/s Fork Exec Exit  Watts
19:25:57  28.9   0.0   0.3  70.8   0.0    7  10796  16695  545    0  545 158.82 
19:25:58  28.5   0.0   0.3  71.2   0.0    2  11568  17230  518    2  522 155.76 
19:25:59  27.5   0.0   0.3  72.1   0.1    7  10890  16287  525    0  520 149.79 
19:26:00  29.0   0.0   0.3  70.8   0.0    7  11451  17703  545    0  545 154.39 
19:26:01  28.7   0.0   0.5  70.8   0.0    7  11330  17035  530    0  530 156.86 
19:26:02  26.6   0.0   0.4  73.0   0.0    7  10589  16118  502    2  502 146.57 
19:26:03  29.2   0.0   0.2  70.6   0.0    7  11214  16916  555    0  555 158.34 
19:26:04  28.9   0.0   0.3  69.7   1.1    7  10676  16141  540    0  540 158.16 
19:26:05  26.8   0.0   0.3  72.9   0.0    8  10687  16169  487    2  487 146.72 
19:26:06  29.0   0.0   0.3  70.7   0.0    8  11384  17712  555    0  555 155.29 
19:26:07  29.0   0.0   0.2  70.8   0.0    7  11235  17154  540    0  540 154.66 
19:26:08  28.9   0.0   0.3  70.9   0.0    7  10626  15780  525    0  525 154.99 
19:26:09  27.1   0.0   0.2  71.7   1.0    7  10850  15816  507    2  507 151.00 
19:26:10  29.2   0.0   0.1  68.5   2.1    7   9620  16131  555    0  555 157.64 
19:26:11  26.9   0.0   0.3  72.8   0.0    8  10490  16059  508    2  507 149.68 
19:26:12  28.9   0.0   0.3  70.8   0.0    8  11041  16887  560    0  560 160.36 
19:26:13  28.8   0.0   0.4  70.8   0.0    7  10526  16090  535    0  535 157.11 
19:26:14  28.9   0.0   0.2  71.0   0.0    7  11413  16650  530    0  530 159.83 
19:26:15  27.1   0.0   0.2  72.7   0.1    7   9971  14597  492    2  492 150.00 
19:26:16  28.9   0.0   0.3  70.8   0.0    8  10738  16779  555    0  555 155.76 
19:26:17  28.9   0.0   0.3  70.7   0.1    4  10731  17405  535    0  540 154.87 
19:26:18  26.8   0.0   0.2  73.0   0.0    7  10586  15875  487    2  482 146.03 
19:26:19  29.1   0.0   0.2  70.7   0.0    7  10020  15938  550    0  550 155.27 
  Time    User  Nice   Sys  Idle    IO  Run Ctxt/s  IRQ/s Fork Exec Exit  Watts
19:26:20  29.0   0.0   0.3  70.7   0.0    7  11222  19722  541    0  540 175.46 
19:26:21  29.0   0.0   0.2  70.8   0.0    8  11163  21651  517    0  515 189.41 
19:26:22  26.8   0.0   0.4  72.7   0.0    8  10911  16181  497    2  497 151.46 
19:26:23  28.8   0.0   0.3  70.9   0.0    7  11069  16943  560    0  561 158.36 
19:26:24  26.9   0.0   0.4  72.3   0.3    8  10578  16077  502    2  502 149.24 
19:26:25  29.0   0.0   0.3  70.7   0.0    2  10784  16684  560    0  565 160.05 
19:26:26  28.9   0.0   0.3  70.8   0.0    7  11169  15992  555    0  550 163.18 
19:26:27  26.9   0.0   0.3  72.8   0.0    7  10445  15366  512    2  512 153.72 
19:26:28  29.1   0.0   0.2  70.7   0.0    7  10727  16384  560    0  560 162.40 
19:26:29  28.9   0.0   0.3  70.7   0.1    7  10764  16446  550    0  550 160.57 
19:26:30  29.0   0.0   0.3  70.7   0.0    7  10824  16520  535    0  535 162.24 
19:26:31  28.9   0.0   0.3  70.8   0.0    7  11443  16576  525    0  525 163.77 
19:26:32  27.9   0.0   0.3  71.9   0.0    2  10950  15935  482    2  487 158.03 
19:26:33  27.8   0.0   0.3  71.9   0.0    9  10644  16092  541    0  535 155.56 
19:26:34  28.9   0.0   0.2  70.8   0.0    2  11204  16441  550    0  555 161.17 
19:26:35  28.3   0.0   0.2  71.5   0.0    2  10937  16590  527    2  527 160.00 
19:26:36  27.5   0.0   0.4  72.1   0.0    7  10554  16468  530    0  525 153.53 
19:26:37  29.1   0.0   0.3  70.6   0.0    7  10402  18436  550    0  550 156.88 
19:26:38  29.3   0.0   0.3  70.3   0.1    7   9692  17377  530    0  530 156.16 
19:26:39  27.1   0.0   0.4  72.5   0.0    9   8660  15944  482    2  482 150.77 
19:26:40  29.0   0.0   0.4  70.6   0.0    7   9957  17535  550    0  550 157.42 
19:26:41  29.2   0.0   0.3  70.5   0.0    7  10212  17628  540    0  540 156.88 
19:26:42  29.2   0.0   0.3  70.5   0.0    7  10446  17174  525    0  525 158.04 
  Time    User  Nice   Sys  Idle    IO  Run Ctxt/s  IRQ/s Fork Exec Exit  Watts
19:26:43  26.9   0.0   0.3  72.8   0.0    7  10193  16090  502    2  502 152.22 
19:26:44  29.0   0.0   0.3  70.7   0.1    7  10149  17332  545    0  545 159.96 
19:26:45  29.1   0.0   0.3  70.6   0.0    8  10069  16485  530    0  530 157.35 
19:26:46  29.0   0.0   0.3  70.7   0.0    7  10260  16412  515    0  515 157.92 
19:26:47  29.2   0.0   0.2  70.6   0.0    7   9622  15662  509    0  510 158.02 
19:26:48  27.1   0.0   0.3  72.6   0.0    7   9455  15284  468    2  467 151.57 
19:26:49  28.8   0.0   0.3  70.9   0.0    7  10195  17109  550    0  550 160.02 
19:26:50  29.1   0.0   0.3  70.5   0.0    7   9970  16701  540    0  540 160.13 
19:26:51  26.8   0.0   0.5  72.7   0.0    7   9851  15903  497    2  497 148.93 
19:26:52  29.1   0.0   0.3  70.6   0.0    7  10802  17033  540    0  540 158.52 
19:26:53  29.1   0.0   0.4  70.5   0.0    3  10077  16929  530    0  535 158.75 
19:26:54  29.4   0.0   0.3  70.1   0.3    7  10230  16517  521    0  515 160.39 
19:26:55  26.6   0.0   0.3  71.8   1.4    7  10014  16053  474    2  474 148.79 
19:26:56  29.1   0.0   0.4  70.6   0.0    2   9716  16602  550    0  555 157.39 
19:26:57  29.0   0.0   0.3  70.7   0.0    7   9934  17673  534    0  530 154.94 
19:26:58  29.1   0.0   0.3  70.6   0.0    7  10505  16404  521    0  520 158.15 
19:26:59  27.0   0.0   0.3  72.8   0.0    7  10081  16988  502    2  502 148.31 
19:27:00  29.1   0.0   0.3  70.6   0.0    7   9404  16587  535    0  535 156.17 
19:27:01  28.9   0.0   0.4  70.6   0.1    7  10229  17300  530    0  530 158.16 
19:27:02  29.0   0.0   0.5  70.6   0.0    7  10137  16845  520    0  520 160.28 
19:27:03  29.1   0.0   0.2  70.7   0.0    9  10389  16302  510    0  510 158.14 
19:27:04  27.2   0.0   0.3  72.5   0.0    7   9943  16126  480    2  482 152.33 
19:27:05  29.1   0.0   0.4  70.5   0.0    7  10169  16781  552    0  550 160.17 
  Time    User  Nice   Sys  Idle    IO  Run Ctxt/s  IRQ/s Fork Exec Exit  Watts
19:27:06  29.0   0.0   0.4  70.6   0.0    7  11002  16623  535    0  535 158.72 
19:27:07  29.3   0.0   0.2  70.5   0.0    8  10719  16332  529    0  530 160.70 
19:27:08  27.1   0.0   0.4  72.6   0.0    7   9687  15534  485    2  482 151.81 
19:27:09  28.8   0.0   0.3  70.9   0.0    7  10581  16972  535    0  536 156.63 
19:27:10  27.1   0.0   0.3  72.5   0.1    7   9809  16926  498    2  497 147.85 
19:27:11  29.3   0.0   0.2  70.5   0.0    7  10063  16779  550    0  550 158.10 
19:27:12  29.0   0.0   0.3  70.7   0.1    7  10019  16883  535    0  535 158.01 
19:27:13  27.1   0.0   0.3  72.7   0.0    7   9710  16529  502    2  502 149.17 
19:27:14  29.4   0.0   0.2  70.4   0.0    7  10135  16542  545    0  545 159.04 
19:27:15  27.2   0.0   0.2  72.5   0.0    7   9546  16546  502    2  502 148.42 
19:27:16  29.1   0.0   0.3  70.7   0.0    7   9899  17032  540    0  540 157.36 
19:27:17  29.2   0.0   0.3  70.5   0.0    7  10198  16814  535    0  535 161.56 
19:27:18  29.2   0.0   0.2  70.6   0.0    7  10660  16565  525    0  525 159.69 
19:27:19  29.0   0.0   0.2  70.8   0.0    7   9898  16622  505    0  505 158.78 
19:27:20  28.9   0.0   0.2  70.9   0.0    2   9774  15932  492    2  497 158.41 
19:27:21  27.4   0.0   0.3  72.3   0.0    7   9371  15650  515    0  510 150.02 
19:27:22  29.2   0.0   0.2  70.6   0.0    8  10416  16422  540    0  540 160.02 
19:27:23  26.9   0.0   0.4  72.7   0.0    7   9841  16291  487    2  487 150.53 
19:27:24  29.3   0.0   0.2  70.5   0.0    7   9144  16664  550    0  550 154.67 
19:27:25  29.0   0.0   0.4  70.7   0.0    7  10505  17602  535    0  535 158.00 
19:27:26  29.2   0.0   0.3  70.3   0.3    8  10452  16715  532    0  535 160.63 
19:27:27  29.3   0.0   0.3  70.4   0.0    7  10357  15947  528    0  525 163.38 
19:27:28  26.8   0.0   0.4  72.8   0.0    7   9591  15706  487    2  487 148.10 
  Time    User  Nice   Sys  Idle    IO  Run Ctxt/s  IRQ/s Fork Exec Exit  Watts
19:27:29  29.4   0.0   0.2  70.4   0.0    7  10273  16574  550    0  550 159.88 
19:27:30  29.0   0.0   0.3  70.7   0.0    7  10010  16146  540    0  540 159.60 
19:27:31  29.1   0.0   0.2  70.7   0.0    7   8433  16065  525    0  525 157.41 
19:27:32  29.1   0.0   0.3  70.6   0.1    7   9047  16102  510    0  510 156.43 
19:27:33  29.1   0.0   0.3  70.6   0.0    7   9829  16198  500    0  500 159.85 
19:27:34  26.9   0.0   0.2  72.9   0.0    7   9837  15110  447    2  447 149.02 
19:27:35  28.9   0.0   0.3  70.8   0.0    7  10270  17586  545    0  545 156.92 
19:27:36  29.1   0.0   0.3  70.6   0.0    7  10030  16875  540    0  540 158.91 
19:27:37  26.7   0.0   0.3  73.0   0.0    7  10023  16439  477    2  477 144.44 
19:27:38  29.3   0.0   0.3  70.4   0.0    7  10686  17896  555    0  555 159.71 
19:27:39  29.2   0.0   0.2  70.5   0.0    7  10303  17427  540    0  540 157.45 
19:27:40  29.0   0.0   0.3  70.6   0.1    7  10809  17311  525    0  525 155.89 
19:27:41  29.0   0.0   0.4  70.6   0.0    7  10581  17173  510    0  510 158.91 
19:27:42  27.3   0.0   0.2  72.5   0.0    7   9917  16457  492    2  492 148.76 
19:27:43  29.3   0.0   0.2  70.5   0.0    7  10182  17603  545    0  545 156.85 
19:27:44  29.1   0.0   0.4  70.5   0.0    7   9793  17032  530    0  530 155.91 
19:27:45  29.3   0.0   0.2  70.5   0.0    7  10373  16070  525    0  528 158.86 
19:27:46  27.0   0.0   0.3  72.7   0.0    7  10945  16326  502    2  502 150.44 
19:27:47  28.9   0.0   0.5  70.6   0.0    7  10110  16813  540    0  540 158.46 
19:27:48  29.0   0.0   0.3  70.6   0.2    8  10406  16643  530    0  530 160.03 
19:27:49  27.2   0.0   0.2  72.6   0.0    7   9916  16220  492    2  492 148.33 
19:27:50  29.3   0.0   0.3  70.3   0.0    7   9560  16656  550    0  550 158.40 
19:27:51  29.4   0.0   0.2  70.5   0.0    7  10036  16777  540    0  540 160.20 
  Time    User  Nice   Sys  Idle    IO  Run Ctxt/s  IRQ/s Fork Exec Exit  Watts
19:27:52  28.8   0.0   0.5  70.7   0.0    7   9901  16093  520    0  520 157.32 
19:27:53  29.2   0.0   0.3  70.6   0.0    7   9870  15804  515    0  515 160.63 
19:27:54  27.3   0.0   0.2  72.3   0.1    7   9644  16027  497    2  497 149.60 
19:27:55  29.1   0.0   0.2  70.7   0.0    7   9882  16381  545    0  545 158.01 
19:27:56  29.2   0.0   0.3  70.5   0.0    7   9349  16326  531    0  530 156.27 
19:27:57  26.7   0.0   0.4  72.9   0.0    7   9904  15900  487    2  487 146.60 
19:27:58  28.9   0.0   0.2  70.9   0.0    7   9296  16327  545    0  545 156.80 
19:27:59  26.9   0.0   0.4  72.7   0.0    7  10303  16407  502    2  502 149.71 
19:28:00  29.2   0.0   0.3  70.5   0.0    7  10592  17547  545    0  545 157.45 
19:28:01  29.1   0.0   0.2  70.8   0.0    7  10673  16694  535    0  535 157.02 
19:28:02  27.2   0.0   0.3  72.4   0.1    7  10286  15922  487    2  487 149.94 
19:28:03  29.3   0.0   0.2  70.4   0.0    7   9865  16621  550    0  550 156.64 
19:28:04  27.1   0.0   0.4  72.5   0.0    7   9496  16012  502    2  502 149.32 
19:28:05  29.1   0.0   0.3  70.6   0.0    7   9876  16881  550    0  550 160.97 
19:28:06  28.5   0.0   0.4  71.1   0.0    2  10454  16298  525    0  530 158.54 
19:28:07  29.0   0.0   0.3  70.7   0.0    7   9953  16125  525    0  520 158.17 
19:28:08  28.9   0.0   0.3  70.7   0.2    7   9763  17130  510    0  510 154.34 
19:28:09  28.5   0.0   0.3  71.2   0.0    2   9536  16606  482    2  487 154.84 
19:28:10  27.5   0.0   0.5  72.0   0.0    7   9507  16196  515    0  510 147.30 
19:28:11  28.9   0.0   0.3  70.8   0.0    7  10065  16406  540    0  540 157.69 
19:28:12  29.0   0.0   0.3  70.7   0.0    7   9855  16834  525    0  525 158.68 
19:28:13  29.3   0.0   0.2  70.5   0.0    8   9983  16885  525    0  525 160.26 
19:28:14  27.0   0.0   0.4  72.6   0.0    7   9990  15928  482    2  482 151.36 
  Time    User  Nice   Sys  Idle    IO  Run Ctxt/s  IRQ/s Fork Exec Exit  Watts
19:28:15  29.0   0.0   0.4  70.6   0.1    7  10176  17006  550    0  550 157.19 
19:28:16  29.2   0.0   0.3  70.5   0.0    7   9875  16407  540    0  540 159.25 
19:28:17  29.1   0.0   0.2  70.7   0.0    7  10109  17164  523    0  525 158.12 
19:28:18  29.0   0.0   0.3  70.7   0.0    2  10485  16247  507    0  510 158.01 
19:28:19  29.4   0.0   0.2  70.5   0.0    7  10197  16343  505    0  500 159.89 
19:28:20  29.3   0.0   0.2  70.4   0.0    2   9541  15918  490    0  495 158.89 
19:28:21  27.1   0.0   0.4  69.2   3.3    7   9782  15828  472    2  467 150.35 
19:28:22  28.9   0.0   0.4  70.7   0.0    7  10135  16614  550    0  550 157.72 
19:28:23  29.1   0.0   0.2  70.6   0.0    8  10379  16926  530    0  530 158.33 
19:28:24  27.2   0.0   0.3  72.5   0.0    7   9892  15904  512    2  512 152.42 
19:28:25  28.8   0.0   0.4  70.8   0.0    7  10421  16802  545    0  545 158.76 
19:28:26  27.5   0.0   0.3  72.1   0.2    2  10043  15697  502    2  507 154.42 
19:28:27  28.7   0.0   0.3  71.0   0.0    7  10458  16679  550    0  545 157.46 
19:28:28  29.1   0.0   0.4  70.5   0.0    7  10691  17126  540    0  540 158.39 
19:28:29  29.1   0.0   0.3  70.7   0.0    7  10259  16424  530    0  530 159.57 
19:28:30  27.0   0.0   0.3  72.7   0.0    7  10320  16503  507    2  507 153.39 
19:28:31  29.0   0.0   0.4  70.6   0.0    8  10423  17041  545    0  545 158.19 
19:28:32  29.3   0.0   0.2  68.0   2.4    7  10245  16457  535    0  535 160.94 
19:28:33  29.0   0.0   0.4  68.1   2.6    7  10111  16303  520    0  520 160.60 
19:28:34  26.8   0.0   0.3  72.9   0.0    7   9782  15898  482    2  482 152.67 
19:28:35  29.2   0.0   0.3  70.6   0.0    7  10750  16887  560    0  560 162.47 
19:28:36  29.0   0.0   0.3  70.7   0.0    7   9978  16597  530    0  530 158.81 
19:28:37  27.3   0.0   0.2  72.5   0.0    7  10076  16714  507    2  507 148.49 
  Time    User  Nice   Sys  Idle    IO  Run Ctxt/s  IRQ/s Fork Exec Exit  Watts
19:28:38  29.1   0.0   0.4  70.6   0.0    2   9843  17031  540    0  545 158.47 
19:28:39  29.0   0.0   0.3  70.7   0.0    7  10578  16737  535    0  530 159.78 
19:28:40  27.0   0.0   0.3  72.6   0.0    7  10220  16646  497    2  497 149.54 
19:28:41  29.2   0.0   0.3  70.5   0.0    7   9519  17505  540    0  540 157.20 
19:28:42  28.9   0.0   0.3  70.8   0.0    7  10042  16574  530    0  530 157.91 
19:28:43  28.8   0.0   0.3  70.9   0.0    7   9724  16092  515    0  515 157.89 
19:28:44  29.1   0.0   0.2  70.7   0.0    7   9025  15578  510    0  510 158.75 
19:28:45  29.0   0.0   0.3  70.8   0.0    7   8737  15599  495    0  495 156.47 
19:28:46  27.0   0.0   0.3  72.7   0.1    7   9985  16179  487    2  487 152.70 
19:28:47  29.1   0.0   0.2  70.7   0.0    8  10027  16426  550    0  550 157.49 
19:28:48  28.7   0.0   0.5  70.8   0.0    7  10699  16786  530    0  530 157.33 
19:28:49  26.9   0.0   0.4  72.8   0.0    7  10130  16071  497    2  497 149.60 
19:28:50  29.2   0.0   0.3  70.5   0.0    7  10857  16994  545    0  545 158.86 
19:28:51  29.0   0.0   0.3  70.5   0.2    7   9807  16628  530    0  530 156.65 
19:28:52  29.1   0.0   0.3  70.6   0.0    7   9620  16776  515    0  515 156.70 
19:28:53  29.1   0.0   0.3  70.7   0.0    7   9877  15975  510    0  510 157.93 
19:28:54  28.8   0.0   0.3  70.9   0.0    2  10125  16103  487    2  492 156.73 
19:28:55  27.4   0.0   0.3  72.4   0.0    7   9675  15786  515    0  510 149.75 
19:28:56  29.0   0.0   0.3  70.7   0.0    7   9803  16813  535    0  535 154.88 
19:28:57  29.0   0.0   0.3  70.7   0.0    8  10327  16727  530    0  530 158.59 
19:28:58  27.2   0.0   0.2  72.5   0.0    7   9757  16569  497    2  497 150.11 
19:28:59  29.1   0.0   0.3  70.6   0.0    7  10056  17588  545    0  545 157.14 
19:29:00  29.0   0.0   0.5  70.6   0.0    7  10120  16712  535    0  535 157.39 
  Time    User  Nice   Sys  Idle    IO  Run Ctxt/s  IRQ/s Fork Exec Exit  Watts
19:29:01  29.2   0.0   0.2  70.6   0.0    7  10339  16886  520    0  520 158.08 
19:29:02  29.1   0.0   0.3  70.6   0.0    7  10390  16537  510    0  510 157.14 
19:29:03  27.1   0.0   0.4  72.1   0.5    7   9303  15368  457    2  457 149.31 
19:29:04  29.1   0.0   0.4  69.8   0.7    8  10227  16644  555    0  555 157.93 
19:29:05  29.2   0.0   0.3  70.5   0.0    7   9990  16279  540    0  540 157.35 
19:29:06  28.9   0.0   0.3  70.9   0.0    7  10120  16511  515    0  515 154.43 
19:29:07  29.1   0.0   0.2  70.7   0.0    7  10169  16654  520    0  520 157.49 
19:29:08  29.2   0.0   0.3  70.5   0.0    7   9467  15828  505    0  505 157.02 
19:29:09  27.3   0.0   0.3  72.3   0.0    7   9941  16558  487    2  487 146.95 
19:29:10  29.1   0.0   0.3  70.6   0.0    7   9516  16282  540    0  540 154.88 
19:29:11  29.0   0.0   0.3  70.7   0.0    7   9020  16025  520    0  520 152.43 
19:29:12  29.0   0.0   0.4  70.7   0.0    7   8978  15530  515    0  515 153.70 
19:29:13  27.1   0.0   0.3  72.6   0.0    7  10114  16657  502    2  502 148.03 
19:29:14  29.2   0.0   0.4  70.4   0.1    7  10093  16810  545    0  545 160.36 
19:29:15  26.5   0.0   0.4  73.1   0.0    7   9904  16286  497    2  497 150.07 
19:29:16  29.0   0.0   0.4  70.6   0.0    7  10139  16612  545    0  545 157.87 
19:29:17  29.0   0.0   0.3  70.7   0.1    8   9951  16395  535    0  535 159.42 
19:29:18  29.1   0.0   0.3  70.5   0.0    7  10605  16741  515    0  515 156.16 
19:29:19  26.8   0.0   0.4  72.8   0.0    7  10122  16368  497    2  497 147.78 
19:29:20  29.2   0.0   0.3  70.3   0.1    2  10217  16112  555    0  560 164.03 
19:29:21  29.4   0.0   0.2  70.4   0.0    7  10492  16501  540    0  535 161.26 
19:29:22  29.0   0.0   0.3  70.7   0.0    7  10788  16815  520    0  520 157.91 
19:29:23  26.9   0.0   0.3  72.8   0.0    7  10130  16344  472    2  472 148.89 
  Time    User  Nice   Sys  Idle    IO  Run Ctxt/s  IRQ/s Fork Exec Exit  Watts
19:29:24  29.2   0.0   0.3  70.5   0.0    7  10455  17413  550    0  550 157.09 
19:29:25  28.9   0.0   0.4  70.7   0.0    7   9903  17021  530    0  530 156.33 
19:29:26  29.0   0.0   0.4  70.6   0.0    7  10569  17288  520    0  520 156.21 
19:29:27  29.0   0.0   0.3  70.7   0.0    7   9576  15679  520    0  520 158.48 
19:29:28  26.7   0.0   0.4  72.9   0.1    7   9700  16645  482    2  482 144.99 
19:29:29  29.2   0.0   0.4  70.5   0.0    7  10335  17084  550    0  550 159.41 
19:29:30  29.1   0.0   0.4  70.5   0.0    7   9873  17128  535    0  535 158.51 
19:29:31  27.0   0.0   0.5  72.6   0.0    7   9765  16302  512    2  512 151.10 
19:29:32  29.1   0.0   0.3  70.6   0.0    7  10139  17071  540    0  540 158.19 
19:29:33  29.1   0.0   0.3  70.6   0.0    7  10532  16798  530    0  530 158.16 
19:29:34  26.9   0.0   0.4  72.4   0.4    7   9831  16211  487    2  487 149.88 
19:29:35  29.0   0.0   0.2  70.6   0.2    7  10525  17321  547    0  545 156.61 
19:29:36  29.4   0.0   0.2  70.4   0.0    1  10285  17309  530    0  535 156.81 
19:29:37  29.1   0.0   0.4  70.6   0.0    7   9534  16694  525    0  520 157.12 
19:29:38  29.0   0.0   0.4  70.6   0.0    7  10257  17749  515    0  515 158.63 
19:29:39  27.0   0.0   0.4  72.6   0.0    7   9554  16723  497    2  497 147.51 
19:29:40  29.4   0.0   0.2  70.2   0.1    7   9578  17106  545    0  545 155.36 
19:29:41  27.4   0.0   0.1  72.5   0.0    7  10120  16152  492    2  492 148.81 
19:29:42  29.3   0.0   0.3  70.4   0.0    7   9447  15976  545    0  545 153.20 
19:29:43  29.4   0.0   0.2  70.4   0.0    7   9924  16779  540    0  540 157.81 
19:29:44  29.1   0.0   0.4  70.5   0.0    7  10296  16634  527    0  530 158.85 
19:29:45  29.1   0.0   0.3  70.5   0.1    7  10376  16529  518    0  515 160.14 
19:29:46  27.1   0.0   0.2  72.7   0.0    7  10401  16245  492    2  492 150.67 
  Time    User  Nice   Sys  Idle    IO  Run Ctxt/s  IRQ/s Fork Exec Exit  Watts
19:29:47  29.2   0.0   0.2  70.6   0.0    7   9513  16962  550    0  550 157.16 
19:29:48  29.2   0.0   0.3  70.5   0.0    7   9679  16775  530    0  530 155.61 
19:29:49  27.1   0.0   0.3  72.7   0.0    7   9463  16048  482    2  482 147.03 
19:29:50  28.9   0.0   0.4  70.7   0.0    7   9609  17356  540    0  540 154.09 
19:29:51  29.2   0.0   0.2  70.5   0.1    7  10313  16773  545    0  545 161.10 
19:29:52  27.1   0.0   0.3  72.6   0.0    7  10520  16497  512    2  512 151.69 
19:29:53  29.1   0.0   0.3  70.7   0.0    7  10319  17208  545    0  545 159.14 
19:29:54  26.7   0.0   0.3  73.0   0.0    8   9997  16160  488    2  492 151.86 
19:29:55  29.1   0.0   0.3  70.5   0.0    7  10237  17594  559    0  555 160.61 
19:29:56  28.9   0.0   0.4  70.7   0.0    7   9892  16043  540    0  540 157.72 
19:29:57  29.0   0.0   0.2  70.8   0.0    7   9718  16195  535    0  535 158.84 
19:29:58  26.9   0.0   0.4  72.7   0.1    7  10487  16359  487    2  487 149.69 
19:29:59  29.2   0.0   0.3  70.5   0.0    8  10391  16794  550    0  550 157.24 
19:30:00  29.0   0.0   0.4  70.6   0.0    7   9905  16212  535    0  535 158.58 
19:30:01  28.9   0.0   0.4  70.7   0.0    7  10169  16236  525    0  525 157.94 
19:30:02  29.0   0.0   0.4  70.6   0.0    8  10299  16573  510    0  510 159.09 
19:30:03  29.1   0.0   0.2  70.7   0.0    7  10000  16027  500    0  500 157.25 
19:30:04  29.3   0.0   0.2  70.4   0.1    7   8931  14850  495    0  495 159.80 
19:30:05  27.1   0.0   0.3  72.7   0.0    8   9526  15051  462    2  462 149.85 
19:30:06  29.4   0.0   0.2  70.4   0.0    7   9950  16886  555    0  555 157.57 
19:30:07  29.0   0.0   0.3  70.7   0.0    7  10294  16972  535    0  535 157.35 
19:30:08  29.1   0.0   0.3  70.6   0.0    7  10276  16145  530    0  530 158.60 
19:30:09  27.3   0.0   0.3  72.4   0.0    7  10376  16278  501    5  499 150.00 
  Time    User  Nice   Sys  Idle    IO  Run Ctxt/s  IRQ/s Fork Exec Exit  Watts
19:30:10  29.0   0.0   0.3  70.7   0.0    7   9703  16996  540    0  540 153.21 
19:30:11  29.2   0.0   0.3  70.4   0.1    7  10516  16651  525    0  525 155.10 
19:30:12  28.5   0.0   0.4  71.2   0.0    2   9422  16047  502    2  507 150.64 
19:30:13  27.8   0.0   0.3  71.9   0.0    7  10505  16362  525    0  520 153.01 
19:30:14  29.2   0.0   0.3  70.3   0.2    2  10668  17334  540    0  540 160.14 
19:30:15  26.8   0.0   0.4  72.8   0.0    7  10627  16270  487    2  487 148.27 
19:30:16  29.1   0.0   0.4  70.5   0.0    7  10098  17044  555    0  555 160.82 
19:30:17  29.2   0.0   0.2  70.6   0.0    7  10270  16752  540    0  540 156.40 
19:30:18  29.0   0.0   0.4  70.6   0.0    7  10501  16767  525    0  525 156.68 
19:30:19  29.0   0.0   0.4  70.7   0.0    7   9888  16270  510    0  510 154.35 
19:30:20  27.0   0.0   0.3  72.6   0.1    7  10179  16498  462    2  462 144.36 
19:30:21  29.2   0.0   0.2  70.5   0.0    7  10327  16889  545    0  545 153.42 
19:30:22  29.3   0.0   0.2  70.5   0.0    7  10321  16688  535    0  535 156.87 
19:30:23  29.2   0.0   0.3  70.5   0.0    4  10525  17009  525    0  530 157.91 
19:30:24  29.3   0.0   0.2  70.5   0.0    8  10284  16783  515    0  510 158.39 
19:30:25  27.0   0.0   0.4  72.7   0.0    7   9711  16040  492    2  492 150.79 
19:30:26  29.2   0.0   0.2  70.5   0.0    7  10063  16299  545    0  545 156.31 
19:30:27  29.0   0.0   0.3  70.7   0.0    3  10246  16457  532    2  537 156.73 
19:30:28  26.9   0.0   0.5  72.6   0.0    8   9579  16499  501    0  495 145.78 
19:30:29  29.2   0.0   0.3  70.5   0.0    7  10221  17535  535    0  535 154.95 
19:30:30  28.9   0.0   0.5  70.6   0.0    7  10541  17124  525    0  525 155.84 
19:30:31  29.3   0.0   0.2  70.5   0.0    7  10616  16401  520    0  520 158.04 
19:30:32  29.0   0.0   0.4  70.6   0.0    7  10192  16203  510    0  510 159.19 
  Time    User  Nice   Sys  Idle    IO  Run Ctxt/s  IRQ/s Fork Exec Exit  Watts
19:30:33  29.0   0.0   0.3  69.6   1.2    7  10572  16493  495    0  495 155.99 
19:30:34  27.4   0.0   0.2  72.3   0.0    7   9458  15648  492    2  492 150.34 
19:30:35  29.2   0.0   0.3  70.6   0.0    7  10253  16299  545    0  545 157.95 
19:30:36  28.9   0.0   0.4  70.7   0.0    7   9878  16380  530    0  530 156.87 
19:30:37  26.9   0.0   0.3  72.8   0.0    7  10877  16602  477    2  477 150.19 
19:30:38  29.1   0.0   0.3  70.6   0.0    7  10313  16363  555    0  555 156.62 
19:30:39  29.3   0.0   0.2  70.5   0.0    7  10436  16730  540    0  540 155.41 
19:30:40  29.1   0.0   0.3  69.5   1.1    7   9666  16102  530    0  530 158.17 
19:30:41  29.1   0.0   0.4  70.6   0.0    7  10372  16203  515    0  515 157.21 
19:30:42  29.0   0.0   0.2  70.8   0.0    7   9550  15658  505    0  505 156.32 
19:30:43  29.1   0.0   0.4  70.6   0.0    7  10408  16290  500    0  500 158.87 
19:30:44  29.3   0.0   0.3  70.4   0.0    7   8940  14794  485    0  485 156.34 
19:30:45  26.9   0.0   0.4  72.7   0.0    7   8899  15081  442    2  442 145.49 
19:30:46  29.1   0.0   0.2  70.7   0.0    8  10199  17038  550    0  550 154.32 
19:30:47  29.0   0.0   0.3  70.7   0.0    7  10206  16397  535    0  535 155.69 
19:30:48  29.0   0.0   0.3  70.7   0.0    7  10440  16491  530    0  530 156.09 
19:30:49  29.0   0.0   0.3  70.7   0.0    7   9097  15686  515    0  515 155.81 
19:30:50  29.1   0.0   0.3  70.6   0.0    7   9907  15950  510    0  510 158.50 
19:30:51  26.6   0.0   0.4  73.1   0.0    7   9494  16111  447    2  447 144.48 
19:30:52  29.0   0.0   0.3  70.7   0.0    7   9574  17158  545    0  545 153.19 
19:30:53  29.0   0.0   0.5  70.5   0.0    7   9328  15966  540    0  540 155.71 
19:30:54  26.6   0.0   0.4  73.0   0.0    7   9966  16417  482    2  482 146.82 
19:30:55  29.4   0.0   0.2  70.4   0.0    7  10397  17596  550    0  550 157.98 
  Time    User  Nice   Sys  Idle    IO  Run Ctxt/s  IRQ/s Fork Exec Exit  Watts
19:30:56  29.1   0.0   0.3  70.6   0.0    7  10552  18041  530    0  530 157.88 
19:30:57  29.1   0.0   0.3  70.6   0.1    7  10151  16805  525    0  525 157.25 
19:30:58  27.1   0.0   0.3  72.6   0.0    7  10434  16647  497    2  497 149.31 
19:30:59  29.1   0.0   0.3  70.5   0.0    7  10263  16309  545    0  545 156.28 
19:31:00  29.3   0.0   0.2  70.5   0.0    7  10244  16481  535    0  535 156.51 
19:31:01  27.3   0.0   0.5  72.2   0.0    2   9842  17104  477    2  482 150.40 
19:31:02  28.9   0.0   0.3  70.7   0.0    7  10087  17507  545    0  540 153.02 
19:31:03  29.2   0.0   0.3  70.5   0.0    7  10312  16984  540    0  540 155.84 
19:31:04  29.1   0.0   0.3  70.6   0.1    7  10103  16870  530    0  530 157.54 
19:31:05  26.8   0.0   0.4  72.9   0.0    7  10044  16391  512    2  512 150.75 
19:31:06  29.1   0.0   0.2  70.7   0.0    7  10549  17118  540    0  540 156.86 
19:31:07  27.0   0.0   0.3  72.7   0.0    7  10181  16332  502    2  502 151.92 
19:31:08  29.1   0.0   0.3  70.5   0.0    7  10641  16687  545    0  545 156.98 
19:31:09  29.1   0.0   0.3  70.6   0.0    7  10133  17052  540    0  540 158.18 
19:31:10  29.2   0.0   0.3  70.5   0.1    7  10872  16899  525    0  525 158.49 
19:31:11  29.2   0.0   0.3  70.5   0.0    7  10644  16657  510    0  510 158.46 
19:31:12  29.1   0.0   0.3  70.6   0.0    7   9970  16101  505    0  505 159.94 
19:31:13  27.1   0.0   0.3  72.6   0.0    7   9134  16397  492    2  492 148.28 
19:31:14  29.3   0.0   0.3  70.4   0.0    7   9974  17049  550    0  550 157.65 
19:31:15  29.3   0.0   0.2  70.6   0.0    7   9754  16391  535    0  535 157.27 
19:31:16  29.2   0.0   0.3  70.4   0.0    7  10679  17203  525    0  525 160.76 
19:31:17  26.6   0.0   0.5  72.9   0.1    7  10874  16711  482    2  482 149.09 
19:31:18  28.9   0.0   0.4  70.7   0.0    7  10096  16880  550    0  550 159.11 
  Time    User  Nice   Sys  Idle    IO  Run Ctxt/s  IRQ/s Fork Exec Exit  Watts
19:31:19  27.0   0.0   0.4  72.6   0.0    7  10447  16358  497    2  497 152.26 
19:31:20  29.0   0.0   0.4  70.6   0.0    8  10081  16847  550    0  550 158.89 
19:31:21  28.8   0.0   0.4  70.8   0.0    7  11057  16902  535    0  535 156.32 
19:31:22  26.9   0.0   0.3  72.6   0.2    2  10304  16068  482    2  488 147.92 
19:31:23  29.3   0.0   0.2  70.5   0.0    7   9909  16458  555    0  550 156.33 
19:31:24  29.2   0.0   0.4  70.5   0.0    7   9783  16408  540    0  540 158.71 
19:31:25  27.1   0.0   0.3  72.6   0.0    7  10080  16062  492    2  492 149.14 
19:31:26  29.2   0.0   0.3  70.6   0.0    7  10193  16213  550    0  550 156.47 
19:31:27  29.3   0.0   0.2  70.5   0.0    7   9857  15972  540    0  540 158.12 
19:31:28  29.0   0.0   0.4  70.6   0.1    7  10089  15945  530    0  530 159.71 
19:31:29  26.6   0.0   0.4  73.0   0.0    7   9974  16184  497    2  497 146.81 
19:31:30  29.1   0.0   0.4  70.5   0.0    8   9769  16098  555    0  555 161.45 
19:31:31  29.4   0.0   0.3  70.3   0.0    7  10358  16664  540    0  540 163.27 
19:31:32  27.1   0.0   0.3  72.6   0.0    7  10354  15878  482    2  482 152.45 
19:31:33  29.1   0.0   0.3  70.7   0.0    7  10415  17079  545    0  545 156.07 
19:31:34  28.9   0.0   0.4  70.6   0.1    7  10307  16978  537    0  540 157.25 
19:31:35  28.9   0.0   0.4  70.7   0.0    7  10141  17007  528    0  526 156.55 
19:31:36  29.1   0.0   0.3  70.7   0.0    7  10348  16780  515    0  515 156.51 
19:31:37  26.8   0.0   0.2  73.0   0.0    7   9437  16126  472    2  472 144.29 
19:31:38  29.1   0.0   0.2  70.7   0.0    7  10130  18133  545    0  545 154.11 
19:31:39  29.0   0.0   0.4  70.7   0.0    7  10936  17804  535    0  535 157.41 
19:31:40  28.9   0.0   0.4  70.7   0.0    7   9854  16849  515    0  515 153.02 
19:31:41  26.9   0.0   0.4  72.7   0.0    7  10421  16810  502    2  502 147.63 
  Time    User  Nice   Sys  Idle    IO  Run Ctxt/s  IRQ/s Fork Exec Exit  Watts
19:31:42  29.1   0.0   0.3  70.6   0.0    7  10248  16699  540    0  540 155.20 
19:31:43  29.1   0.0   0.3  70.6   0.1    7  10291  16766  525    0  525 157.93 
19:31:44  26.9   0.0   0.4  72.7   0.0    7   9849  16341  477    2  477 146.99 
19:31:45  29.2   0.0   0.3  70.5   0.0    7  10026  17807  550    0  550 154.72 
19:31:46  29.1   0.0   0.4  70.5   0.0    7  10149  16655  535    0  535 156.62 
19:31:47  29.0   0.0   0.3  70.7   0.0    7  10455  16775  530    0  530 159.23 
19:31:48  27.1   0.0   0.3  72.6   0.0    8   9557  16642  497    2  497 149.27 
19:31:49  29.1   0.0   0.4  70.5   0.0    6  10428  17052  545    0  545 158.68 
19:31:50  29.1   0.0   0.3  69.1   1.5    7  10447  16898  540    0  540 159.55 
19:31:51  28.9   0.0   0.5  68.8   1.8    7  11046  17255  525    0  525 160.94 
19:31:52  29.1   0.0   0.2  70.7   0.0    7  10087  16416  505    0  505 157.04 
19:31:53  27.2   0.0   0.4  71.7   0.8    7  10218  17034  488    4  485 148.18 
19:31:54  29.3   0.0   0.1  70.6   0.0    7   9874  17291  550    0  550 155.50 
19:31:55  29.2   0.0   0.2  70.0   0.6    7  10163  17147  538    0  537 156.68 
19:31:56  26.4   0.0   0.4  73.1   0.2    7   8982  15100  477    2  477 141.98 
19:31:57  29.3   0.0   0.2  70.5   0.0    7  10332  16997  545    0  545 155.17 
19:31:58  29.3   0.0   0.2  70.6   0.0    7  10250  16989  535    0  535 155.35 
19:31:59  29.2   0.0   0.3  70.5   0.0    7  10541  17875  530    0  530 158.91 
19:32:00  26.5   0.0   0.4  73.1   0.0    7   9194  16216  472    2  472 144.92 
19:32:01  29.1   0.0   0.3  70.6   0.0    7  10187  16837  550    0  550 156.56 
19:32:02  29.1   0.0   0.3  70.6   0.1    7   9646  16602  540    0  540 154.95 
19:32:03  28.9   0.0   0.4  70.8   0.0    7   9949  16798  520    0  520 156.57 
19:32:04  26.9   0.0   0.4  72.7   0.0    7   9932  17069  487    2  487 144.04 
  Time    User  Nice   Sys  Idle    IO  Run Ctxt/s  IRQ/s Fork Exec Exit  Watts
19:32:05  29.1   0.0   0.3  70.6   0.0    7  10462  17580  545    0  545 156.33 
19:32:06  27.1   0.0   0.3  72.6   0.0    8   9803  16085  487    2  487 147.56 
19:32:07  29.3   0.0   0.3  70.4   0.0    7  10245  17119  545    0  545 153.04 
19:32:08  29.2   0.0   0.2  70.6   0.0    7  10440  17433  535    0  535 154.17 
19:32:09  27.1   0.0   0.3  72.5   0.2    7   9813  16062  487    2  487 144.54 
19:32:10  29.2   0.0   0.2  70.5   0.0    7   9679  17170  550    0  550 154.72 
19:32:11  28.9   0.0   0.3  70.8   0.0    7   9770  17172  530    0  530 155.61 
19:32:12  29.0   0.0   0.3  70.7   0.0    2   9354  17061  520    0  520 155.59 
19:32:13  29.1   0.0   0.1  70.8   0.0    2   9561  16736  510    0  515 153.33 
19:32:14  27.1   0.0   0.3  72.6   0.1    7  10368  17727  507    2  502 147.34 
19:32:15  29.2   0.0   0.3  70.6   0.0    7  10110  18496  536    0  535 152.51 
19:32:16  28.9   0.0   0.4  70.7   0.0    7  10057  17589  525    0  525 155.16 
19:32:17  29.0   0.0   0.3  70.7   0.0    7   9935  16264  515    0  515 156.58 
19:32:18  26.9   0.0   0.3  72.8   0.0    2   9535  16174  467    2  472 145.98 
19:32:19  29.2   0.0   0.2  70.5   0.0    7   9959  17511  545    0  540 154.22 
19:32:20  29.0   0.0   0.3  70.6   0.0    2  10536  17085  530    0  535 153.38 
19:32:21  27.3   0.0   0.2  72.4   0.1    2   9988  16462  483    2  482 148.40 
19:32:22  29.1   0.0   0.3  70.6   0.0    7  10131  17039  550    0  545 152.75 
19:32:23  29.2   0.0   0.3  70.5   0.1    7  10246  16451  545    0  545 157.77 
19:32:24  29.1   0.0   0.3  70.6   0.0    7  10111  16106  530    0  530 157.70 
19:32:25  29.0   0.0   0.4  70.6   0.0    7   9228  15924  505    0  505 153.05 
19:32:26  26.7   0.0   0.5  72.8   0.0    7   9806  16342  477    2  477 146.28 
19:32:27  28.9   0.0   0.4  70.6   0.1    7  10194  17064  545    0  545 157.53 
  Time    User  Nice   Sys  Idle    IO  Run Ctxt/s  IRQ/s Fork Exec Exit  Watts
19:32:28  29.0   0.0   0.4  70.6   0.0    7  10243  17130  540    0  540 158.07 
19:32:29  27.4   0.0   0.3  72.4   0.0    2  10119  16687  482    2  487 148.23 
19:32:30  28.6   0.0   0.3  71.1   0.0    8  10365  17063  550    0  545 157.69 
19:32:31  29.2   0.0   0.3  70.6   0.0    7  10002  17401  535    0  535 154.94 
19:32:32  28.9   0.0   0.5  70.6   0.0    7   9952  16921  525    0  525 154.84 
19:32:33  26.8   0.0   0.3  72.9   0.0    7   9771  16190  492    2  492 145.92 
19:32:34  29.0   0.0   0.4  70.6   0.0    7  10326  17157  545    0  545 153.28 
19:32:35  27.0   0.0   0.3  72.7   0.1    7   9776  17244  477    2  477 142.67 
19:32:36  29.1   0.0   0.3  70.6   0.0    7  10665  17703  545    0  545 153.49 
19:32:37  29.3   0.0   0.2  70.6   0.0    7   9191  16352  535    0  535 154.08 
19:32:38  27.1   0.0   0.4  72.6   0.0    7  10136  16830  507    2  507 147.43 
19:32:39  29.1   0.0   0.3  70.6   0.0    7  10169  17945  540    0  540 153.98 
19:32:40  26.8   0.0   0.4  72.8   0.0    7  10337  17545  482    2  482 144.88 
19:32:41  29.2   0.0   0.3  70.4   0.1    8   9549  17352  550    0  550 154.69 
19:32:42  29.2   0.0   0.3  70.5   0.0    7   9831  17030  535    0  535 155.31 
19:32:43  26.9   0.0   0.4  72.7   0.0    7   9213  16890  485    2  487 144.62 
19:32:44  29.4   0.0   0.2  70.4   0.0    7  10397  17397  547    0  545 155.75 
19:32:45  27.0   0.0   0.3  72.7   0.0    7   9951  16343  492    2  492 146.17 
19:32:46  29.3   0.0   0.2  70.5   0.0    7   9966  17496  550    0  550 153.31 
19:32:47  29.2   0.0   0.1  70.7   0.0    7   9931  17787  540    0  540 155.26 
19:32:48  28.9   0.0   0.4  70.7   0.0    7  10084  16830  520    0  520 151.93 
19:32:49  27.0   0.0   0.4  72.6   0.1    7   9669  16158  477    2  477 147.27 
19:32:50  29.2   0.0   0.3  70.5   0.0    8  10414  17396  550    0  550 154.29 
  Time    User  Nice   Sys  Idle    IO  Run Ctxt/s  IRQ/s Fork Exec Exit  Watts
19:32:51  27.0   0.0   0.3  72.6   0.1    7  10040  16175  498    2  502 148.24 
19:32:52  29.0   0.0   0.4  70.6   0.0    7  10212  16969  554    0  550 157.31 
19:32:53  29.2   0.0   0.4  70.4   0.0    7  10255  17351  545    0  545 158.94 
19:32:54  29.2   0.0   0.3  70.6   0.0    7  10012  16517  530    0  530 154.88 
19:32:55  26.9   0.0   0.3  72.8   0.1    7   9841  16119  472    2  472 145.41 
19:32:56  29.0   0.0   0.4  70.6   0.0    7  10304  17375  555    0  555 157.37 
19:32:57  29.3   0.0   0.2  70.5   0.0    7  10328  17059  535    0  535 155.94 
19:32:58  27.0   0.0   0.3  72.8   0.0    7  10210  16456  492    2  492 148.11 
19:32:59  29.1   0.0   0.3  70.6   0.0    7   9981  17595  545    0  545 154.92 
19:33:00  29.1   0.0   0.3  70.6   0.0    8  10244  17369  540    0  540 155.51 
19:33:01  29.0   0.0   0.3  69.9   0.8    7  10335  17081  520    0  520 154.42 
19:33:02  26.8   0.0   0.4  72.9   0.0    7  10108  16781  492    2  492 146.01 
19:33:03  29.4   0.0   0.2  70.3   0.0    7  10073  16973  550    0  550 156.62 
19:33:04  29.1   0.0   0.2  70.7   0.0    7  10222  17231  525    0  525 156.09 
19:33:05  26.8   0.0   0.3  72.9   0.0    6   9625  16262  487    2  487 147.02 
19:33:06  29.1   0.0   0.4  70.5   0.0    7  10291  17478  550    0  550 156.37 
19:33:07  29.1   0.0   0.3  70.7   0.0    7   9635  16415  530    0  530 151.91 
19:33:08  27.4   0.0   0.3  72.2   0.1    2   9048  16055  482    2  487 146.70 
19:33:09  28.8   0.0   0.3  71.0   0.0    2  10231  16948  540    0  540 152.52 
19:33:10  29.0   0.0   0.5  70.4   0.0    7  10448  17803  535    0  530 152.81 
19:33:11  28.9   0.0   0.4  70.7   0.0    8   9815  17083  525    0  525 155.65 
19:33:12  26.9   0.0   0.4  72.7   0.0    7   9942  16498  482    2  482 145.91 
19:33:13  29.1   0.0   0.3  70.5   0.0    2  10118  17245  545    0  550 152.69 
  Time    User  Nice   Sys  Idle    IO  Run Ctxt/s  IRQ/s Fork Exec Exit  Watts
19:33:14  29.3   0.0   0.2  70.5   0.1    7  10438  17008  538    0  535 155.55 
19:33:15  27.1   0.0   0.3  72.7   0.0    7   9897  16766  494    2  492 144.55 
19:33:16  29.2   0.0   0.3  70.6   0.0    6  10601  18359  540    0  540 153.57 
19:33:17  29.1   0.0   0.3  70.7   0.0    7  10762  17613  535    0  535 155.04 
19:33:18  29.0   0.0   0.4  70.7   0.0    8  10015  17357  520    0  520 155.03 
19:33:19  29.3   0.0   0.3  70.5   0.0    2   9834  16634  505    0  510 154.15 
19:33:20  27.1   0.0   0.3  72.5   0.1    7   9826  16115  462    2  457 147.19 
19:33:21  29.0   0.0   0.3  70.7   0.0    7   9695  17249  545    0  545 151.29 
19:33:22  29.0   0.0   0.3  70.7   0.0    7   9120  16288  530    0  530 150.17 
19:33:23  27.0   0.0   0.4  72.5   0.0    7  10091  17117  488    2  487 147.56 
19:33:24  29.1   0.0   0.3  70.6   0.0    7  10289  17389  545    0  545 152.81 
19:33:25  29.2   0.0   0.2  70.6   0.0    7   9203  16477  530    0  530 153.58 
19:33:26  27.2   0.0   0.2  70.9   1.8    7   9462  16371  487    2  487 146.00 
19:33:27  29.1   0.0   0.3  70.5   0.0    7  10539  17022  550    0  550 155.37 
19:33:28  29.1   0.0   0.3  70.6   0.0    7  10188  16448  540    0  540 157.64 
19:33:29  26.9   0.0   0.3  72.8   0.0    8  10151  16008  507    2  507 147.46 
19:33:30  29.1   0.0   0.3  70.6   0.0    7  10210  17126  545    0  545 153.65 
19:33:31  26.6   0.0   0.3  73.1   0.0    7   9877  16093  482    2  482 142.10 
19:33:32  29.4   0.0   0.1  70.3   0.1    7  10053  17202  547    0  550 154.92 
19:33:33  29.1   0.0   0.3  70.6   0.0    7   8159  16099  533    0  530 150.12 
19:33:34  29.2   0.0   0.3  70.5   0.0    7   9594  16584  520    0  520 154.41 
19:33:35  26.9   0.0   0.3  72.8   0.0    7   9763  17032  482    2  482 144.13 
19:33:36  29.1   0.0   0.3  70.6   0.0    7   9724  17723  540    0  540 152.79 
  Time    User  Nice   Sys  Idle    IO  Run Ctxt/s  IRQ/s Fork Exec Exit  Watts
19:33:37  26.9   0.0   0.4  72.8   0.0    7  10138  16833  487    2  487 144.78 
19:33:38  29.0   0.0   0.3  70.7   0.0    7  10443  17141  553    0  555 154.72 
19:33:39  29.4   0.0   0.2  70.4   0.0    7  10595  17208  537    0  535 156.21 
19:33:40  26.9   0.0   0.5  72.5   0.2    7  10622  17120  492    2  492 146.46 
19:33:41  29.2   0.0   0.3  70.5   0.0    7   9705  17145  550    0  550 153.39 
19:33:42  29.2   0.0   0.3  70.5   0.0    7  10322  17205  535    0  535 156.84 
19:33:43  29.2   0.0   0.2  70.6   0.0    7  10490  16551  525    0  525 155.79 
19:33:44  27.0   0.0   0.3  72.8   0.0    7   9271  15823  487    2  487 144.95 
19:33:45  29.4   0.0   0.2  70.4   0.0    7   9922  17088  550    0  550 154.78 
19:33:46  29.2   0.0   0.3  70.5   0.1    7   9379  16450  535    0  535 152.86 
19:33:47  26.9   0.0   0.4  72.7   0.0    7  10017  16685  497    2  497 145.76 
19:33:48  29.2   0.0   0.3  70.5   0.0    7   9105  16548  545    0  545 155.46 
19:33:49  27.2   0.0   0.3  72.5   0.0    7   9719  16649  497    2  497 146.51 
19:33:50  29.5   0.0   0.1  70.3   0.0    7  10772  17316  540    0  540 153.85 
19:33:51  29.0   0.0   0.3  70.7   0.0    7  10805  17250  535    0  535 156.32 
19:33:52  29.1   0.0   0.3  70.6   0.0    7   9658  16322  515    0  515 155.16 
19:33:53  29.0   0.0   0.4  70.6   0.1    7  10285  17035  510    0  510 155.74 
19:33:54  29.4   0.0   0.3  70.3   0.0    7   9934  17035  500    0  500 157.23 
19:33:55  29.5   0.0   0.2  70.3   0.0    7   8781  14992  490    0  490 153.54 
19:33:56  26.9   0.0   0.3  72.8   0.0    7   9815  15416  487    2  487 143.50 
19:33:57  29.3   0.0   0.2  70.4   0.0    7  10013  16415  545    0  545 156.70 
19:33:58  28.9   0.0   0.4  70.8   0.0    7   9070  16205  525    0  525 150.35 
19:33:59  27.2   0.0   0.3  72.4   0.2    7  10249  16137  472    2  472 145.70 
  Time    User  Nice   Sys  Idle    IO  Run Ctxt/s  IRQ/s Fork Exec Exit  Watts
19:34:00  29.1   0.0   0.3  70.6   0.0    7   9822  16614  550    0  550 150.70 
19:34:01  29.1   0.0   0.3  70.6   0.0    7  10117  16500  530    0  530 154.02 
19:34:02  29.0   0.0   0.3  70.7   0.0    7  10500  16728  520    0  520 153.09 
19:34:03  27.2   0.0   0.3  72.5   0.0    7   9830  15787  482    2  482 149.05 
19:34:04  29.1   0.0   0.3  70.5   0.0    7   9543  16683  550    0  550 154.89 
19:34:05  29.2   0.0   0.3  70.4   0.1    7   9136  16976  535    0  535 154.18 
19:34:06  29.0   0.0   0.3  70.7   0.0    7   9557  16568  520    0  520 154.73 
19:34:07  29.0   0.0   0.4  70.6   0.0    7   9518  16465  515    0  515 155.74 
19:34:08  29.3   0.0   0.2  70.4   0.0    8   9030  16774  501    0  505 156.03 
19:34:09  27.1   0.0   0.4  72.5   0.0    7  10098  16660  506    2  502 147.97 
19:34:10  29.2   0.0   0.3  70.5   0.0    7  10338  17127  545    0  545 155.87 
19:34:11  29.3   0.0   0.2  70.4   0.0    7  10634  16653  525    0  525 154.80 
19:34:12  27.0   0.0   0.3  72.7   0.0    7   9866  16614  497    2  497 142.87 
19:34:13  29.1   0.0   0.2  70.7   0.0    7  10253  17255  535    0  535 153.45 
19:34:14  29.2   0.0   0.3  68.9   1.6    8  10425  17150  525    0  525 154.50 
19:34:15  29.1   0.0   0.3  69.9   0.8    8   9879  16995  515    0  515 156.54 
19:34:16  26.7   0.0   0.4  72.9   0.0    8   9148  16116  482    2  482 143.12 
19:34:17  29.2   0.0   0.3  70.5   0.0    7  10282  17921  545    0  545 154.35 
19:34:18  29.0   0.0   0.4  70.6   0.0    7  10214  17837  535    0  535 154.41 
19:34:19  29.0   0.0   0.4  70.6   0.0    7   9660  16682  520    0  520 155.53 
19:34:20  29.2   0.0   0.3  70.4   0.1    7   9143  17100  500    0  500 151.38 
19:34:21  27.4   0.0   0.2  72.4   0.0    7   9869  16365  472    2  472 144.92 
19:34:22  29.1   0.0   0.3  70.6   0.0    7   9892  17481  535    0  535 150.57 
  Time    User  Nice   Sys  Idle    IO  Run Ctxt/s  IRQ/s Fork Exec Exit  Watts
19:34:23  27.0   0.0   0.4  72.6   0.0    7   9665  16771  482    2  482 145.17 
19:34:24  29.4   0.0   0.1  70.4   0.0    7  10093  16596  550    0  550 154.03 
19:34:25  29.2   0.0   0.3  70.5   0.0    7   9837  16700  531    0  535 152.33 
19:34:26  29.1   0.0   0.4  70.6   0.0    7  10594  17181  529    0  525 155.92 
19:34:27  27.3   0.0   0.2  72.5   0.0    7  10227  16763  502    2  502 145.68 
19:34:28  29.4   0.0   0.1  70.4   0.0    7   9320  16629  540    0  540 154.60 
19:34:29  29.1   0.0   0.4  70.5   0.0    7  10814  17032  530    0  530 157.05 
19:34:30  26.9   0.0   0.2  72.9   0.0    7   9781  15674  492    2  492 145.54 
19:34:31  29.3   0.0   0.1  70.5   0.0    6  10321  16608  540    0  540 151.81 
19:34:32  27.1   0.0   0.4  72.5   0.1    7  10204  17004  497    2  497 144.33 
19:34:33  29.1   0.0   0.2  70.7   0.0    7   9003  16621  545    0  545 150.93 
19:34:34  29.1   0.0   0.3  70.6   0.0    7   9908  17232  530    0  530 154.38 
19:34:35  29.0   0.0   0.3  70.7   0.0    8  10239  16639  521    0  525 156.35 
19:34:36  26.4   0.0   0.3  73.4   0.0    7   9848  16081  461    2  457 142.10 
19:34:37  29.3   0.0   0.2  70.6   0.0    7  10094  16880  545    0  545 151.90 
19:34:38  28.9   0.0   0.3  70.6   0.2    7   9776  16533  530    0  530 152.72 
19:34:39  28.9   0.0   0.3  70.8   0.0    7   9371  16145  515    0  515 150.76 
19:34:40  26.9   0.0   0.4  72.7   0.0    7   9823  15979  507    2  507 144.91 
19:34:41  29.1   0.0   0.3  70.6   0.0    8   9807  16861  540    0  540 154.82 
19:34:42  29.1   0.0   0.3  70.6   0.0    7  10159  16660  525    0  525 155.20 
19:34:43  26.9   0.0   0.3  72.8   0.0    7   9882  16552  487    2  487 144.78 
19:34:44  29.1   0.0   0.4  70.5   0.0    8  10263  18050  540    0  540 151.51 
19:34:45  29.1   0.0   0.4  70.5   0.1    7  10599  17806  530    0  530 154.02 
  Time    User  Nice   Sys  Idle    IO  Run Ctxt/s  IRQ/s Fork Exec Exit  Watts
19:34:46  26.8   0.0   0.4  72.8   0.0    8  10287  17224  477    2  477 142.53 
19:34:47  29.3   0.0   0.3  70.4   0.0    7  10087  17180  550    0  550 154.82 
19:34:48  29.0   0.0   0.3  70.8   0.0    7   9749  16600  535    0  535 154.86 
19:34:49  26.9   0.0   0.4  72.7   0.0    7  10210  16944  482    2  482 146.77 
19:34:50  29.2   0.0   0.2  70.5   0.0    7  10678  17473  555    0  555 154.81 
19:34:51  29.0   0.0   0.3  70.7   0.0    8  10576  16978  535    0  535 156.50 
19:34:52  26.2   0.0   0.4  73.4   0.1    7   9891  16658  482    2  482 141.06 
19:34:53  29.1   0.0   0.4  70.5   0.0    8  10229  17392  555    0  555 158.36 
19:34:54  29.1   0.0   0.3  70.6   0.0    7  10613  16842  540    0  540 160.30 
19:34:55  29.2   0.0   0.3  70.6   0.0    7   9807  16073  520    0  520 156.55 
19:34:56  26.9   0.0   0.3  72.8   0.0    7   9875  16001  492    2  492 147.40 
19:34:57  29.3   0.0   0.3  70.4   0.0    3  10531  17237  545    0  550 156.79 
19:34:58  29.2   0.0   0.2  70.5   0.1    7  10558  16977  540    0  535 159.56 
19:34:59  29.1   0.0   0.3  70.6   0.0    2   9589  16406  515    0  515 155.19 
19:35:00  27.0   0.0   0.3  72.7   0.0    7   9590  16743  507    2  507 145.61 
19:35:01  29.3   0.0   0.2  70.5   0.0    7  10344  17669  540    0  540 155.23 
19:35:02  29.1   0.0   0.4  70.4   0.2    7  10048  17567  523    2  523 153.13 
19:35:03  29.1   0.0   0.4  70.5   0.0    7  10508  17002  515    0  515 153.64 
19:35:04  29.0   0.0   0.3  70.7   0.0    7   9694  16793  505    0  505 154.46 
19:35:05  29.1   0.0   0.3  70.7   0.0    7   9312  16344  486    0  485 152.76 
19:35:06  29.1   0.0   0.3  70.6   0.0    7   7623  15009  475    0  475 148.29 
19:35:07  27.0   0.0   0.2  72.8   0.1    7   8769  15525  457    2  457 139.42 
19:35:08  29.1   0.0   0.3  70.6   0.0    7   9705  17201  540    0  540 151.66 
  Time    User  Nice   Sys  Idle    IO  Run Ctxt/s  IRQ/s Fork Exec Exit  Watts
19:35:09  28.9   0.0   0.4  70.7   0.0    7  10247  17906  530    0  530 153.29 
19:35:10  27.0   0.0   0.4  72.6   0.0    7   9428  16557  497    2  497 143.38 
19:35:11  29.1   0.0   0.3  70.6   0.0    7  10112  17369  535    0  535 153.31 
19:35:12  29.0   0.0   0.4  70.7   0.0    7  10206  17349  525    0  525 153.27 
19:35:13  29.3   0.0   0.2  70.4   0.1    8  10096  16963  515    0  515 155.88 
19:35:14  29.0   0.0   0.3  70.7   0.0    2   9781  17037  500    0  505 152.58 
19:35:15  29.1   0.0   0.3  70.6   0.0    8   8714  16477  490    0  485 150.87 
19:35:16  27.1   0.0   0.3  72.7   0.0    7   9062  15910  482    2  482 143.18 
19:35:17  29.1   0.0   0.3  70.5   0.0    7  10128  17897  540    0  540 152.47 
19:35:18  29.1   0.0   0.3  70.6   0.0    7  10246  17139  530    0  530 153.10 
19:35:19  29.1   0.0   0.3  70.5   0.2    7   9950  16778  515    0  515 153.69 
19:35:20  29.1   0.0   0.3  70.7   0.0    7   9905  16614  510    0  510 154.29 
19:35:21  26.9   0.0   0.2  72.9   0.0    7   9754  16520  472    2  472 142.05 
19:35:22  29.3   0.0   0.2  70.4   0.0    7  10083  17478  545    0  545 154.81 
19:35:23  29.1   0.0   0.2  70.7   0.0    7   9976  17111  530    0  530 156.24 
19:35:24  29.0   0.0   0.4  70.7   0.0    7   9474  16560  515    0  517 153.91 
19:35:25  29.1   0.0   0.3  68.6   2.1    6   9435  17120  505    0  505 154.89 
19:35:26  29.3   0.0   0.2  70.5   0.0    7   8539  16605  500    0  500 156.25 
19:35:27  26.9   0.0   0.4  72.7   0.0    7   8876  15791  477    2  477 144.56 
19:35:28  29.2   0.0   0.3  70.5   0.0    7   9809  17687  545    0  545 154.31 
19:35:29  29.2   0.0   0.3  70.5   0.0    7   9689  17000  530    0  530 154.69 
19:35:30  29.1   0.0   0.3  70.5   0.0    7   9926  16999  520    0  520 156.69 
19:35:31  26.7   0.0   0.5  72.8   0.0    7   9873  16503  492    2  492 146.58 
  Time    User  Nice   Sys  Idle    IO  Run Ctxt/s  IRQ/s Fork Exec Exit  Watts
19:35:32  29.0   0.0   0.3  69.9   0.8    7  10336  17349  545    0  545 157.41 
19:35:33  29.0   0.0   0.5  68.9   1.7    7  10122  16887  540    0  540 159.56 
-------- ----- ----- ----- ----- ----- ---- ------ ------ ---- ---- ---- ------ 
 Average  28.4   0.0   0.3  71.2   0.1  6.8 10062.9 16616.0 519.5  0.5 519.5 153.80 
 GeoMean   0.0   0.0   0.3  71.2   0.0  6.5 9999.8 16513.4  0.0  0.0  0.0 152.86 
  StdDev   1.9   0.0   0.1   1.6   0.5  1.3  704.8 1073.8 38.7  0.9 39.0   9.44 
-------- ----- ----- ----- ----- ----- ---- ------ ------ ---- ---- ---- ------ 
 Minimum   0.0   0.0   0.1  68.0   0.0  1.0  294.0  607.0  0.0  0.0  0.0   4.80 
 Maximum  29.5   0.0   1.1  93.9   9.7  9.0 11568.0 21651.0 560.0  5.0 565.0 189.41 
-------- ----- ----- ----- ----- ----- ---- ------ ------ ---- ---- ---- ------ 
Summary:
CPU: 153.80 Watts on average with standard deviation 9.44  
Note: power read from RAPL domains: uncore, pkg-0, core.
These readings do not cover all the hardware in this device.
