Running for 60.0 seconds (60 samples at 1.0 second intervals).
Power measurements will start in 0 seconds time.

  Time    User  Nice   Sys  Idle    IO  Run Ctxt/s  IRQ/s Fork Exec Exit  Watts
15:33:36   1.5   0.0   3.7  93.7   1.2    2   2624   2506   10    1    0  50.60 
15:33:37   0.0   0.0   5.0  94.4   0.6    2    995   1535    0    0    0  46.98 
15:33:38   0.1   0.0   4.9  95.0   0.0    2    840   1463    0    0    0  46.74 
15:33:39  23.5   0.0   0.2  76.3   0.0    7   2339   7645  100    0   95 137.01 
15:33:40  29.8   0.0   0.1  70.2   0.0    7   3810  10521  170    0  170 168.32 
15:33:41  29.6   0.0   0.1  70.3   0.0    3   3611  10528  170    0  175 169.47 
15:33:42  29.8   0.0   0.1  70.2   0.0    7   3635  10567  175    0  170 169.50 
15:33:43  29.7   0.0   0.1  70.2   0.0    7   3456  10327  170    0  170 169.49 
15:33:44  29.8   0.0   0.1  70.0   0.2    7   3342  10349  165    0  165 168.17 
15:33:45  29.8   0.0   0.1  70.2   0.0    7   3448  10182  165    0  165 170.51 
15:33:46  29.6   0.0   0.1  70.3   0.0    7   2613   9710  160    0  160 166.06 
15:33:47  29.8   0.0   0.1  70.1   0.0    7   3323  10217  172    0  170 173.08 
15:33:48  29.7   0.0   0.1  70.2   0.0    7   3470  10054  160    0  160 168.78 
15:33:49  29.8   0.0   0.1  70.1   0.0    7   3472  10163  155    0  155 168.32 
15:33:50  29.7   0.0   0.1  70.1   0.1    7   3209   9690  155    0  155 166.62 
15:33:51  28.0   0.0   0.1  71.9   0.0    7   3617  10149  157    2  157 159.66 
15:33:52  29.7   0.0   0.1  70.2   0.0    7   3157  10312  170    0  170 170.08 
15:33:53  29.8   0.0   0.0  70.2   0.0    7   3427  10226  170    0  170 170.90 
15:33:54  29.7   0.0   0.1  70.2   0.0    7   2977   9853  165    0  165 167.68 
15:33:55  29.7   0.0   0.1  70.2   0.0    8   3499   9844  170    0  170 171.05 
15:33:56  29.8   0.0   0.1  70.1   0.1    7   3878  10596  160    0  160 168.38 
15:33:57  29.8   0.0   0.1  70.1   0.1    7   3797  10516  160    0  160 169.68 
15:33:58  29.8   0.0   0.1  70.2   0.0    7   3059   9914  175    0  175 176.57 
  Time    User  Nice   Sys  Idle    IO  Run Ctxt/s  IRQ/s Fork Exec Exit  Watts
15:33:59  29.7   0.0   0.1  70.2   0.0    7   3029  10259  160    0  160 170.74 
15:34:00  29.8   0.0   0.1  70.1   0.0    7   2607   9541  165    0  165 173.20 
15:34:01  29.7   0.0   0.1  70.2   0.0    7   3114   9766  160    0  160 171.04 
15:34:02  29.7   0.0   0.1  70.1   0.2    7   2654   9578  155    0  155 170.56 
15:34:03  29.8   0.0   0.1  70.1   0.0    7   2956  10114  160    0  160 170.24 
15:34:04  28.5   0.0   0.1  71.5   0.0    2   3549  10504  147    2  152 167.56 
15:34:05  29.6   0.0   0.1  70.3   0.0    7   3616  10145  170    0  165 171.25 
15:34:06  29.8   0.0   0.1  70.1   0.0    7   3608  10276  175    0  175 175.22 
15:34:07  29.7   0.0   0.1  70.2   0.0    7   3262   9841  170    0  170 169.28 
15:34:08  29.7   0.0   0.1  70.2   0.0    7   3311  10040  160    0  160 168.54 
15:34:09  29.8   0.0   0.1  70.2   0.0    7   2945   9905  165    0  165 171.87 
15:34:10  29.7   0.0   0.2  67.8   2.3    7   3759  10267  170    0  170 175.00 
15:34:11  29.7   0.0   0.1  70.2   0.0    8   3185   9740  165    0  165 171.21 
15:34:12  29.8   0.0   0.1  70.2   0.0    7   3103   9937  165    0  165 173.07 
15:34:13  29.7   0.0   0.1  70.2   0.0    7   3023   9869  160    0  160 172.20 
15:34:14  29.7   0.0   0.1  70.2   0.0    8   3210   9946  160    0  160 171.46 
15:34:15  29.7   0.0   0.1  70.2   0.0    2   3336  10326  157    2  162 173.00 
15:34:16  28.1   0.0   0.1  71.8   0.0    7   3308   9862  160    0  155 163.44 
15:34:17  29.6   0.0   0.2  70.2   0.0    7   3465   9991  175    0  175 175.41 
15:34:18  29.8   0.0   0.1  70.2   0.0    7   3181   9788  175    0  175 175.87 
15:34:19  29.7   0.0   0.1  70.2   0.0    7   3196   9870  170    0  170 175.00 
15:34:20  29.8   0.0   0.1  70.0   0.1    7   2984  10025  170    0  173 176.92 
15:34:21  29.8   0.0   0.1  70.2   0.0    7   2968  10201  170    0  170 176.62 
  Time    User  Nice   Sys  Idle    IO  Run Ctxt/s  IRQ/s Fork Exec Exit  Watts
15:34:22  29.7   0.0   0.1  70.3   0.0    8   3054  10163  170    0  170 175.58 
15:34:23  29.7   0.0   0.1  70.2   0.0    7   3266   9836  165    0  165 173.66 
15:34:24  29.7   0.0   0.1  70.2   0.0    7   3074   9775  160    0  160 173.83 
15:34:25  29.7   0.0   0.1  70.2   0.0    7   3225  10116  160    0  160 172.45 
15:34:26  29.8   0.0   0.1  70.2   0.0    7   3287  10231  160    0  160 172.99 
15:34:27  29.9   0.0   0.0  70.1   0.0    7   2619   9716  160    0  160 174.66 
15:34:28  29.7   0.0   0.1  70.0   0.2    7   2615   9510  155    0  155 172.54 
15:34:29  28.3   0.0   0.2  71.6   0.0    7   3781  10259  147    2  147 163.45 
15:34:30  29.7   0.0   0.2  70.2   0.0    7   4258  11102  170    0  170 173.60 
15:34:31  29.7   0.0   0.1  70.3   0.0    7   3620  10722  165    0  165 171.49 
15:34:32  29.7   0.0   0.1  70.2   0.0    7   3135  10646  175    0  175 175.38 
15:34:33  29.8   0.0   0.1  70.2   0.0    7   3512  10708  165    0  165 174.56 
15:34:34  29.9   0.0   0.0  70.0   0.1    7   3240  10205  165    0  165 171.82 
15:34:35  29.7   0.0   0.1  70.2   0.0    7   3500  10543  165    0  165 172.34 
-------- ----- ----- ----- ----- ----- ---- ------ ------ ---- ---- ---- ------ 
 Average  28.1   0.0   0.3  71.5   0.1  6.6 3185.9 9669.8 155.3  0.1 155.1 164.51 
 GeoMean   0.0   0.0   0.0  71.4   0.0  6.3 3108.8 9234.4  0.0  0.0  0.0 160.07 
  StdDev   6.4   0.0   1.0   5.3   0.3  1.5  555.0 1856.5 36.4  0.5 37.2  27.27 
-------- ----- ----- ----- ----- ----- ---- ------ ------ ---- ---- ---- ------ 
 Minimum   0.0   0.0   0.0  67.8   0.0  2.0  840.0 1463.0  0.0  0.0  0.0  46.74 
 Maximum  29.9   0.0   5.0  95.0   2.3  8.0 4258.0 11102.0 175.0  2.0 175.0 176.92 
-------- ----- ----- ----- ----- ----- ---- ------ ------ ---- ---- ---- ------ 
Summary:
CPU: 164.51 Watts on average with standard deviation 27.27 
Note: power read from RAPL domains: uncore, pkg-0, core.
These readings do not cover all the hardware in this device.
